100
4 2
5 2
6 2
1000 1000
1000 1
999 998
662 613
999 498
500 255
1000 999
999 512
539 438
954 765
1000 128
940 852
999 508
589 577
965 877
500 256
392 352
496 384
746 609
1000 489
500 116
844 696
754 641
983 763
999 128
500 500
309 240
1000 488
4 1
1000 393
500 254
999 999
302 228
999 487
989 926
999 127
776 754
999 379
1000 499
1000 2
840 682
682 526
3 2
914 884
1 1
357 332
1000 512
1000 255
500 215
312 288
1000 500
881 775
999 497
996 873
2 2
500 499
500 250
500 104
500 127
999 499
754 608
999 2
501 490
462 402
999 511
443 335
747 632
831 694
982 818
455 394
1000 127
970 844
999 1
500 249
671 566
1000 256
591 450
500 117
879 727
285 271
2 1
500 128
290 264
5 1
297 223
500 2
500 248
1000 511
343 287
500 244
999 488
999 255
500 1
500 245
3 1
999 256
1000 498
