100
4 2
5 2
6 2
1000 1000
1000 1
999999 475712
272098 258245
500000 258873
500000 1
631412 614003
999999 517043
999999 375347
1000000 1000000
720318 661817
500000 499999
740145 590461
4 1
602335 599632
500000 500000
611966 510523
1000000 128
1000000 475713
540284 500361
1000000 524288
1000000 524287
999999 524287
500000 131072
1000000 498456
407895 385234
999999 2
500000 237856
554197 492074
330653 251971
999999 127
999999 499999
999999 999998
1000000 999999
342293 339206
268656 246212
1000000 262143
781258 740269
2 2
518723 425951
500000 128
999999 262144
322986 295913
500000 249999
1000000 500000
500000 249998
915741 819363
999999 524288
999999 475711
999999 499997
937306 719370
817991 806378
500000 250000
3 2
999999 262143
1000000 499999
856251 852091
1000000 127
439104 379151
1000000 262144
272895 235881
476173 364704
500000 131071
288092 239788
999999 999999
500000 262144
700054 592929
5 1
941569 904465
1000000 475712
999999 128
999999 1
500000 210269
500387 495137
999999 499998
2 1
319781 261869
616544 604919
500000 262143
452372 353486
442789 406891
1000000 387415
772486 607123
730083 557462
500000 2
902595 867845
509128 509052
1000000 2
1000000 499998
3 1
1 1
643117 495815
1000000 1
500000 237857
423495 326047
500000 127
796088 648504
