100
4
2 3 4 1
4
3 3 4 1
4
3 3 4 3
10
7 8 10 10 9 2 9 6 3 3
10
2 3 1 10 3 5 6 7 8 9
50
14 50 17 8 36 50 23 38 2 9 14 39 17 2 43 1 12 35 49 42 13 23 35 4 27 50 18 6 43 20 13 1 39 44 28 11 29 15 43 46 35 26 14 9 47 39 9 18 30 38
980
301 304 179 276 178 625 506 913 757 332 609 532 406 815 889 96 267 686 257 661 258 353 672 296 534 64 607 945 187 331 29 243 617 100 252 594 946 370 568 84 107 378 670 606 710 665 97 583 618 515 741 860 849 776 610 312 213 458 469 622 549 733 365 825 895 218 716 579 534 881 615 621 907 631 797 588 950 578 86 493 489 314 659 707 822 165 431 405 316 673 9 153 722 75 190 865 559 255 93 362 756 148 41 612 870 836 550 614 706 439 704 703 80 960 736 604 240 482 551 5 199 230 876 624 183 447 667 782 645 285 974 910 560 736 687 884 689 442 567 924 425 537 879 699 225 393 390 528 40 335 434 85 533 791 769 929 207 35 155 260 522 619 847 297 83 383 293 972 238 198 754 382 797 696 200 772 908 711 676 866 381 265 409 391 614 926 959 481 580 637 594 580 324 270 763 814 803 551 873 416 900 712 609 903 965 835 292 502 203 842 691 145 948 628 319 537 401 334 363 841 194 196 685 280 487 87 535 78 771 135 309 376 372 132 753 764 586 634 371 516 946 390 60 611 751 857 337 555 627 190 829 441 312 339 66 126 419 130 597 501 896 349 886 668 575 845 806 337 748 79 563 424 750 273 54 943 372 920 747 315 969 887 675 778 561 714 714 269 698 766 885 129 727 979 678 326 589 808 730 418 656 945 651 964 966 432 829 244 650 554 888 131 117 655 530 720 890 963 774 639 585 925 735 955 791 453 381 214 209 576 241 242 376 812 254 891 794 17 895 205 908 821 32 525 524 139 556 406 322 30 942 793 726 70 864 625 175 557 496 883 412 249 644 491 27 595 746 110 543 336 151 428 848 3 345 630 182 729 867 686 867 700 734 641 45 438 504 535 433 660 518 338 947 585 932 738 497 279 681 354 367 827 474 541 838 728 466 271 764 531 138 544 300 359 60 633 817 909 468 149 397 475 871 706 862 734 823 136 127 898 82 538 104 940 768 462 892 329 226 715 308 191 185 739 435 767 277 246 400 131 4 456 858 799 765 485 931 489 294 856 450 261 413 718 892 272 229 798 694 564 31 18 211 444 195 402 88 651 396 393 14 111 510 793 96 452 282 271 291 69 626 168 159 305 490 677 727 666 695 347 934 58 220 448 554 322 880 289 156 792 635 500 282 8 914 423 608 128 68 544 705 980 742 42 389 601 107 158 787 482 311 460 790 875 99 621 941 957 154 962 930 541 773 445 815 509 243 295 640 951 915 547 362 663 852 414 395 47 15 933 916 39 55 341 584 966 381 529 893 466 740 462 92 210 784 802 446 882 49 62 699 284 271 562 274 105 103 134 577 399 440 826 324 373 592 814 601 961 741 855 921 124 542 786 352 632 743 250 735 589 476 751 753 59 602 125 819 723 702 449 674 151 543 604 593 794 429 546 328 832 1 248 840 905 690 354 505 936 14 954 511 122 320 204 387 580 170 70 92 788 616 476 143 158 853 102 338 430 693 275 603 523 361 478 804 518 724 628 897 653 315 183 223 357 543 571 477 766 234 261 507 869 146 332 307 777 38 843 364 231 355 694 796 172 464 834 688 330 569 824 6 906 744 222 302 403 345 949 173 675 385 388 168 422 391 346 72 470 936 237 435 968 319 353 21 12 212 599 386 600 707 794 77 113 365 449 881 907 760 658 807 808 363 697 874 176 318 548 25 31 286 224 33 411 111 679 457 348 513 662 349 425 539 417 380 638 392 94 26 931 288 50 499 123 340 591 299 937 805 6 846 186 290 117 152 582 779 708 137 574 189 152 208 956 310 459 801 451 39 589 211 684 647 374 167 194 266 565 110 122 970 642 13 366 486 89 19 205 201 573 883 206 368 106 296 443 305 861 140 875 582 479 754 455 43 833 306 483 906 304 150 780 98 190 521 344 112 519 191 169 585 918 752 381 467 263 141 717 253 121 69 804 780 74 683 552 52 78 350 160 970 32 133 180 114 142 228 373 557 696 874 20 67 549 615 166 630 328 919 841 76 725 91 203 816 938 34 643 111 398 869 502 100 600 573 605 922 753 928 859 407 733 917 57 162 517 410 7 347 862 850 384 364 427 503 340 413 447 144 861 217 756 8 680 899 758 182 837 478 48 90 889 465 755 5 44 587 228 202 976 781 836 433 973 901 911 597 660 161 342 18 889 590 168 558 478 839 281 789 321 335 40 197 508 826 157 207 389 163 463
144
10 6 144 109 11 127 29 70 46 68 30 122 116 43 143 118 136 122 9 44 130 126 114 20 54 67 94 80 135 33 132 64 30 59 25 32 99 64 116 76 132 38 135 133 135 111 90 137 35 79 108 23 21 12 119 128 142 7 34 104 97 130 80 38 61 93 140 121 89 74 75 26 89 36 88 80 58 106 50 89 139 124 134 55 138 110 95 136 69 59 49 47 33 113 5 58 78 22 28 13 71 91 105 123 107 129 66 40 4 86 46 84 62 52 19 113 43 2 84 84 15 18 58 81 87 102 3 56 101 21 137 141 110 117 43 17 56 130 53 42 134 48 24 92
546
61 420 19 209 6 342 352 539 214 422 370 200 328 68 340 295 181 31 89 365 386 287 273 60 41 161 498 290 313 264 165 222 97 136 88 421 261 172 189 9 38 483 512 178 517 8 70 280 442 43 23 492 387 478 86 332 487 37 347 158 482 46 531 103 520 104 151 21 496 64 122 507 17 204 93 388 472 377 292 523 131 69 176 459 159 361 401 455 3 240 427 253 119 20 24 203 233 185 173 329 513 211 262 443 243 228 170 72 210 345 50 309 265 143 13 167 107 148 495 230 84 39 92 202 358 300 452 362 153 255 29 312 4 51 186 34 35 423 400 500 373 248 30 462 217 543 26 263 216 540 67 393 326 441 325 405 77 95 440 110 475 511 489 44 116 375 477 188 494 505 71 334 245 359 73 147 81 335 338 336 485 241 465 169 130 63 396 463 206 530 367 223 123 235 76 184 324 251 109 87 177 383 257 333 277 155 376 533 198 439 316 285 218 59 252 74 382 124 113 102 384 32 311 234 344 448 66 451 516 402 79 138 18 308 419 115 168 307 278 528 182 83 22 286 7 254 391 315 413 398 357 227 508 267 117 538 337 201 474 355 58 270 379 114 85 53 190 435 414 424 321 275 392 11 272 306 378 98 82 467 542 501 535 171 506 100 249 91 363 299 385 317 302 133 457 232 196 536 470 288 52 259 157 27 346 56 90 281 289 504 460 49 445 425 369 139 208 126 303 225 484 215 406 354 284 144 407 509 238 524 411 150 120 146 205 180 96 16 237 518 319 473 446 351 160 1 108 349 163 436 10 99 453 229 374 174 294 125 193 491 431 256 480 356 145 242 191 380 458 397 486 154 183 260 490 54 231 164 461 409 479 468 236 447 454 449 101 195 199 298 247 65 366 224 268 529 541 327 360 40 481 149 141 197 310 213 250 75 488 372 450 128 433 417 545 522 320 371 526 14 36 269 296 62 314 5 12 137 162 226 527 127 105 166 395 519 432 28 389 430 410 45 322 244 258 350 534 219 353 403 187 412 510 291 428 246 179 142 121 503 118 129 456 429 502 282 48 466 434 415 175 341 212 293 152 546 515 438 111 112 318 521 42 94 525 15 279 368 416 544 514 301 207 343 408 537 239 304 493 156 271 331 132 283 497 426 220 364 323 2 464 381 80 399 33 404 192 418 297 134 305 348 266 330 274 135 55 444 106 532 194 339 78 221 140 390 57 437 47 276 471 394 25 476 499 469
100
17 49 21 10 33 99 39 89 90 23 64 4 24 4 62 58 65 22 52 75 57 96 74 45 61 24 43 42 86 55 100 11 81 87 57 50 17 87 69 11 76 63 51 29 16 66 87 16 54 73 9 77 44 41 46 33 95 27 92 7 6 66 89 60 20 1 63 97 71 19 94 16 83 32 12 68 82 34 16 11 67 13 3 63 52 98 19 87 100 25 78 52 17 59 53 91 19 22 2 50
59
50 22 21 30 41 4 5 35 17 37 44 14 42 59 40 9 1 36 31 26 27 57 34 25 33 39 53 29 7 20 43 45 59 19 13 22 45 45 11 16 29 24 28 12 52 6 7 8 45 47 23 53 58 18 51 52 49 18 44
10
3 9 2 10 8 5 3 2 10 7
101
33 78 98 35 82 81 29 70 52 82 10 16 38 53 100 89 37 7 66 86 99 92 77 72 43 45 13 21 69 84 34 2 4 80 32 39 71 88 65 60 37 9 42 30 76 96 62 11 47 1 44 61 14 85 87 74 32 63 12 59 23 95 19 41 73 79 2 28 93 36 86 75 27 68 94 55 8 90 54 101 31 24 62 25 48 56 51 91 64 49 40 58 15 18 53 92 90 84 46 50 26
100
96 90 55 58 81 14 18 45 60 39 43 16 35 6 17 12 15 7 76 62 37 41 77 74 26 25 53 84 99 73 33 98 31 75 13 49 21 82 10 71 22 59 11 51 8 86 72 78 36 80 44 56 27 66 3 52 83 4 42 9 93 20 67 89 88 54 63 95 97 87 40 47 30 24 34 19 23 48 91 50 5 38 57 28 100 46 70 65 64 2 79 94 61 92 68 1 69 32 29 85
50
48 27 49 23 38 19 35 17 5 40 21 3 49 30 33 10 16 11 42 45 4 20 9 20 6 5 24 9 25 32 20 44 41 14 39 42 29 18 12 14 29 15 47 17 50 47 7 2 43 1
1000
495 552 974 642 759 239 596 835 113 373 993 359 381 185 12 518 364 35 892 227 508 160 656 461 498 749 228 402 541 483 167 814 810 686 468 377 567 599 240 772 106 613 610 235 965 533 545 653 859 782 8 912 929 804 13 339 715 244 750 84 784 186 19 834 48 229 647 416 428 970 407 92 164 861 589 757 854 871 631 952 726 17 734 477 115 150 442 730 171 20 582 556 996 497 79 748 398 468 674 438 23 595 693 822 994 683 842 213 958 590 791 568 179 318 690 388 178 728 128 562 746 342 29 956 366 615 844 125 94 633 462 555 420 515 879 486 768 500 312 509 130 691 182 977 323 628 464 342 310 532 760 270 991 985 813 770 101 299 659 905 279 649 735 979 10 930 964 9 42 69 935 849 950 898 339 433 249 162 100 490 498 540 559 57 984 460 225 404 264 776 132 777 930 524 949 65 64 327 443 506 109 268 218 257 134 27 539 308 939 473 561 92 112 222 907 815 865 753 43 15 964 301 121 983 5 551 187 703 794 505 932 315 414 976 54 195 18 742 340 634 688 742 795 922 774 669 313 358 968 269 278 635 989 901 235 909 494 904 681 126 968 554 906 598 971 52 692 182 796 785 122 924 946 383 255 282 679 324 660 32 583 155 830 848 439 521 908 414 567 129 645 230 831 577 237 31 590 465 600 435 593 46 548 718 264 699 763 608 62 138 104 202 803 738 977 897 889 216 724 673 966 648 928 191 26 144 277 150 152 444 203 389 803 863 330 317 119 772 827 378 705 666 331 471 840 116 836 335 20 686 627 249 375 1 78 434 262 720 254 936 817 282 838 831 309 937 565 78 973 326 694 832 516 503 957 344 381 923 85 74 671 297 401 178 646 397 184 945 329 278 69 501 835 616 251 63 527 697 248 29 771 321 437 99 494 382 809 360 353 193 290 516 58 955 612 111 603 875 466 151 520 843 972 553 88 9 447 210 597 881 327 789 913 931 105 183 243 475 421 727 841 740 33 829 479 296 284 423 425 792 580 303 263 51 285 788 797 988 624 668 880 137 640 103 573 332 525 745 95 695 41 569 136 579 681 265 350 680 510 169 123 564 943 952 892 496 938 180 236 793 701 411 17 823 256 170 878 672 626 967 258 354 798 522 642 96 765 233 492 430 224 563 867 242 491 28 657 685 775 27 356 380 124 570 399 422 275 655 658 733 215 916 885 898 511 22 271 711 850 992 32 853 899 649 962 862 1000 205 333 592 924 953 424 219 858 546 311 721 448 433 431 576 250 163 566 6 747 459 374 713 883 56 154 392 472 50 996 201 188 53 864 700 588 786 38 994 469 648 114 267 212 826 828 346 133 87 607 790 758 739 190 570 171 852 816 50 470 944 619 127 443 24 348 176 864 605 900 137 476 980 90 469 380 604 126 241 223 418 517 509 644 877 627 91 526 346 966 519 303 757 403 71 537 571 708 30 199 488 158 3 483 317 413 542 147 550 572 159 728 172 254 457 304 512 901 478 507 241 926 764 453 557 70 49 103 352 755 609 266 643 168 354 273 695 744 489 917 365 781 183 80 620 363 687 184 647 252 454 369 432 639 818 455 767 142 526 865 603 834 631 676 940 458 275 429 245 93 440 231 811 558 837 139 591 556 157 207 767 441 925 754 947 785 481 940 1 866 220 117 707 820 21 181 650 866 617 385 601 161 75 1000 434 257 355 677 67 911 868 887 963 147 726 529 286 120 967 307 801 26 467 618 638 42 64 536 547 173 484 629 297 628 667 427 915 419 112 286 578 39 192 276 565 281 415 898 347 716 345 418 339 274 766 585 386 181 287 16 295 947 888 770 735 68 83 59 346 427 884 435 446 702 805 343 287 660 726 779 560 773 283 954 682 648 662 371 664 859 528 936 575 975 531 97 357 482 791 718 982 769 663 882 584 574 73 765 102 740 395 474 102 409 319 853 535 894 808 545 247 670 246 145 950 896 575 969 246 552 630 653 66 396 538 622 370 306 43 90 756 328 16 689 479 398 7 723 845 741 543 641 130 314 36 234 334 772 902 640 678 372 727 107 561 214 915 77 920 454 858 234 652 449 196 792 978 166 513 248 731 839 921 869 82 473 369 45 253 234 783 341 873 700 537 289 551 394 376 292 650 84 189 891 209 320 719 514 602 623 993 102 369 345 870 959 897 291 165 14 851 951 632 287 85 302 890 819 337 821 998 61 406 754 487 260 149 294 164 552 523 451 91 788 723 153 729 610 298 228 208 452 506
101
78 21 78 40 48 52 53 56 11 19 85 47 61 80 97 39 92 59 13 34 89 83 8 28 67 101 64 9 22 50 91 60 99 37 16 95 69 60 24 15 30 38 59 6 86 42 23 12 45 31 84 10 51 33 54 32 55 2 98 36 35 87 62 49 76 74 88 71 77 75 50 65 84 94 70 14 100 44 75 17 38 5 5 57 68 63 1 79 66 43 29 96 25 20 90 58 26 72 27 93 7
100
43 91 49 50 74 12 47 89 19 24 6 44 78 17 80 59 38 81 22 23 82 45 83 95 33 72 51 53 35 55 73 97 57 8 14 34 41 64 65 88 36 48 31 20 11 98 93 39 66 25 42 4 58 90 85 5 99 61 28 75 76 32 27 46 15 92 100 2 13 9 60 70 52 37 3 7 79 77 87 54 67 96 71 29 68 84 21 94 40 10 16 30 69 62 86 63 1 56 18 26
10
2 1 10 8 7 7 8 5 3 7
996
99 832 84 773 546 665 271 935 401 948 759 894 576 800 130 681 885 9 425 245 842 194 689 777 175 689 372 584 391 915 881 331 991 581 787 689 23 506 687 458 2 132 451 716 867 365 373 312 820 525 496 899 679 585 765 289 664 154 354 922 503 276 115 28 973 633 479 846 534 763 337 328 650 321 471 82 944 863 737 313 454 664 329 482 230 312 892 519 17 274 412 240 71 179 611 37 236 234 721 516 174 638 132 105 641 68 359 455 773 285 147 95 889 323 852 54 985 142 890 134 724 901 484 200 278 287 772 920 323 136 932 567 295 699 309 673 120 248 570 335 598 334 355 442 93 369 194 312 586 501 860 416 351 688 698 40 183 816 400 736 853 704 676 52 657 93 584 382 269 554 553 558 661 306 166 325 604 141 631 896 43 758 666 822 299 841 580 107 250 928 917 701 32 864 5 819 414 39 736 124 206 237 649 722 213 678 626 125 585 146 508 736 775 695 685 431 244 171 488 921 492 19 592 839 557 98 216 259 995 822 236 838 407 714 349 797 795 809 88 877 892 919 270 828 734 649 682 547 559 332 570 680 811 524 906 138 621 558 138 966 466 725 56 985 788 923 346 961 980 811 427 536 303 486 66 417 354 915 739 377 697 371 580 446 360 301 385 609 849 214 848 546 421 404 979 11 987 54 318 437 700 781 624 994 188 254 291 898 267 228 278 96 635 251 202 362 673 752 348 194 564 356 129 858 934 177 613 587 599 644 444 878 663 510 461 351 717 478 787 257 901 774 472 470 253 517 707 262 654 594 879 920 881 110 462 45 406 750 533 161 268 729 69 914 122 635 468 179 418 558 874 786 844 541 137 66 468 168 411 162 172 682 366 577 955 51 500 451 637 196 909 31 849 460 695 279 822 384 111 201 215 978 730 500 617 847 87 239 646 784 232 125 663 85 339 383 700 791 70 630 830 696 740 85 718 881 65 443 751 411 590 691 158 362 932 731 166 894 713 675 391 435 825 942 693 276 53 353 800 960 823 648 121 19 493 169 63 281 974 911 876 305 292 236 183 620 455 367 449 420 364 855 738 157 530 574 122 141 652 229 532 568 103 572 128 303 463 545 445 504 602 795 240 178 19 223 540 993 189 884 628 290 17 800 929 702 505 165 243 227 959 372 940 50 265 381 803 760 90 119 58 330 727 116 333 284 264 423 501 316 515 713 995 953 523 415 643 173 649 653 598 948 889 270 221 5 762 744 962 350 474 77 650 322 613 979 112 561 386 946 872 972 554 957 841 893 132 207 55 388 727 18 479 460 143 301 648 8 886 522 124 710 900 167 209 192 448 450 807 882 344 167 655 253 509 342 69 141 386 776 280 297 200 856 238 61 880 274 271 794 361 347 475 390 697 857 931 22 218 987 453 329 490 151 402 826 422 129 293 507 839 947 964 70 366 416 821 652 167 845 642 226 537 225 457 348 958 837 801 499 240 479 540 677 903 616 302 245 813 229 669 658 118 893 135 260 721 57 537 210 871 107 78 7 174 500 866 511 562 612 785 550 343 756 671 792 296 563 847 859 394 327 81 184 140 718 992 686 102 301 485 403 529 971 103 951 538 502 564 789 773 564 883 310 205 494 541 696 663 843 473 757 803 76 208 670 176 481 469 706 804 771 820 185 34 535 123 770 21 163 472 5 106 126 340 560 240 396 737 808 379 660 710 679 810 198 552 436 405 605 734 193 490 503 952 948 285 835 628 393 217 798 896 887 923 307 415 105 238 97 610 760 356 283 382 741 487 549 44 641 514 195 520 897 367 862 152 509 996 449 426 153 895 521 219 111 908 542 6 372 253 489 579 539 325 398 575 375 144 459 3 149 408 546 747 865 674 827 14 656 534 127 750 753 875 405 74 438 631 233 583 433 389 659 549 691 406 105 393 221 512 690 543 986 422 703 643 104 354 720 745 799 64 263 182 410 793 551 724 122 647 313 33 155 976 925 735 802 891 634 353 255 726 319 60 293 756 660 589 708 29 308 532 567 904 968 342 977 593 754 103 388 423 591 636 645 524 619 732 350 67 824 601 928 715 569 895 612 766 204 331 988 768 302 840 674 338 601 941 607 133 357 321 209 873 271 706 873 75 159 861 868 792 600 863 603 900 380 275 949 235 164 990 419 760 780 548 833 916 46 396 284 907 13 592 854 749 814 667 496 197 114 261 746 405 967 498 432 597 48 671 780 955 787 667 506 211 224 590 314 513 94 578 805 229 72
573
421 168 159 477 136 206 505 28 517 24 165 332 256 122 233 529 294 309 514 260 509 293 179 195 442 53 359 271 510 473 120 409 202 388 99 543 124 262 41 373 382 533 173 384 98 326 208 344 495 407 469 100 380 399 240 164 404 448 392 11 567 412 264 216 401 341 451 362 312 280 23 496 78 398 545 96 481 441 530 199 519 296 459 573 383 379 273 138 65 238 239 445 174 270 453 372 268 291 176 285 299 105 361 506 93 288 466 277 156 267 204 570 521 227 150 226 340 245 546 37 54 60 314 571 36 369 349 6 246 331 192 153 1 175 117 5 38 494 405 566 381 61 145 133 8 57 209 559 472 172 476 446 541 321 295 311 149 257 345 247 385 352 354 351 266 416 562 170 316 193 304 555 370 497 424 357 561 336 71 83 313 259 205 512 377 439 449 81 218 374 225 235 261 187 455 16 217 119 491 224 297 29 177 565 132 167 212 468 348 480 360 482 572 62 513 263 435 69 536 418 95 104 34 103 171 471 366 534 408 154 425 43 186 327 107 161 287 91 75 523 324 298 282 478 389 32 220 423 475 568 223 112 320 50 125 436 503 499 243 457 2 72 51 276 108 535 542 269 432 393 305 540 429 101 526 549 214 241 143 40 353 182 447 333 144 135 511 479 490 265 27 4 302 250 39 82 49 547 181 102 532 537 234 191 279 33 396 58 42 169 356 215 274 552 180 12 17 87 413 253 189 158 557 278 15 427 76 485 504 47 115 63 188 80 438 290 18 25 148 371 252 516 289 307 452 68 59 386 426 524 411 518 487 244 419 249 213 378 522 539 200 110 560 137 558 414 228 211 400 232 550 486 465 90 315 210 185 358 350 376 461 142 19 284 286 147 94 251 207 127 317 106 203 70 55 544 248 123 310 397 531 387 500 231 139 222 375 337 66 118 431 283 507 77 325 422 301 410 484 329 440 166 520 134 488 390 46 339 342 178 84 255 564 272 194 13 35 433 9 113 73 48 64 26 131 152 430 508 197 97 67 492 428 554 10 338 364 236 254 275 157 109 335 86 394 30 515 330 443 551 92 141 116 56 462 196 292 323 229 146 114 160 52 355 88 303 368 163 463 258 556 3 363 281 343 20 140 420 201 111 470 525 221 162 395 406 7 308 21 306 464 493 230 219 467 318 415 498 44 367 242 45 319 237 502 460 129 450 151 346 489 417 347 126 14 85 198 528 328 391 563 79 538 553 190 22 483 121 548 458 501 74 456 454 334 130 155 365 322 184 402 128 183 89 403 569 444 434 300 527 31 437 474
100
7 75 37 95 74 9 62 91 21 40 66 63 76 4 11 67 64 30 58 27 41 66 34 59 42 23 86 77 95 85 75 85 62 46 63 17 80 37 7 19 9 23 84 60 82 23 31 53 92 8 82 85 22 28 40 32 59 7 68 44 87 1 66 36 4 12 83 57 60 17 31 47 52 85 47 75 64 57 45 6 70 79 8 43 18 20 2 42 42 70 50 9 42 42 84 60 79 11 36 56
20
9 9 6 11 18 9 9 13 3 2 13 15 4 13 1 3 7 13 20 9
969
133 421 584 202 39 93 25 385 87 41 569 216 969 931 694 670 815 632 2 370 950 798 301 362 63 526 967 426 661 534 105 723 725 923 482 508 663 254 196 251 414 952 483 218 253 655 792 448 659 468 392 828 185 674 807 292 417 305 242 7 413 131 911 114 918 120 23 222 501 72 916 183 280 610 740 664 761 550 886 940 487 839 263 56 68 570 544 16 283 424 80 502 47 10 228 142 428 403 736 466 170 707 136 767 784 260 958 714 697 631 794 939 456 207 673 314 843 377 753 538 418 352 54 78 701 6 309 317 624 718 191 910 827 688 151 97 702 932 374 840 360 33 704 35 337 586 838 354 36 32 343 172 15 239 575 852 53 892 349 926 480 879 51 204 623 671 214 245 732 450 791 683 469 562 348 727 625 755 758 579 291 73 775 775 231 948 875 781 635 518 371 461 375 141 441 333 145 708 353 380 783 602 717 218 891 264 58 890 471 909 499 40 539 298 206 541 240 349 598 201 618 388 874 953 724 60 67 576 915 52 212 219 227 847 287 213 567 203 279 273 410 6 877 233 762 326 872 404 685 551 701 657 516 628 250 395 159 255 154 668 811 474 29 332 34 524 765 381 261 904 94 190 594 810 965 476 43 742 620 593 913 801 804 933 45 839 96 90 433 728 17 138 826 888 962 85 585 649 111 878 503 577 157 884 435 872 505 650 873 76 139 230 102 744 324 935 772 842 687 485 355 817 924 84 143 821 477 735 906 741 30 350 454 498 672 200 943 177 615 367 106 184 811 916 603 405 293 342 648 427 488 4 868 961 357 651 100 77 509 957 267 215 149 188 506 289 604 877 282 879 922 942 7 841 660 204 171 537 317 197 127 238 745 237 609 110 112 455 912 879 709 941 545 882 494 589 617 519 532 256 119 598 155 236 144 464 522 137 656 430 440 198 37 275 59 523 834 638 478 55 678 431 310 266 813 442 757 809 676 665 571 258 909 125 387 849 399 925 543 241 604 652 692 49 879 109 949 927 778 911 837 322 814 409 789 437 855 968 297 506 596 796 806 293 934 630 573 558 181 866 7 475 268 208 716 123 769 646 411 845 443 582 535 103 574 956 772 278 881 820 907 12 400 124 552 439 458 98 929 583 21 234 851 438 945 501 415 82 99 425 526 129 611 346 645 330 824 848 627 75 756 470 749 682 557 368 383 269 823 465 706 795 616 182 147 379 696 189 316 8 161 719 700 760 633 235 597 165 747 711 484 803 776 62 865 607 652 917 150 271 946 462 71 259 294 561 816 669 802 914 444 139 514 710 423 822 457 81 771 883 966 555 186 152 564 894 947 525 750 406 220 101 244 82 667 412 450 826 372 24 916 382 179 1 173 223 376 83 530 304 88 398 899 318 647 122 449 397 568 18 607 166 27 902 441 662 759 107 61 884 225 515 363 125 919 548 877 963 335 854 595 5 513 219 74 885 683 353 46 3 901 725 95 743 315 331 270 262 938 327 739 221 359 117 160 911 464 252 799 680 954 599 634 871 140 353 580 175 819 340 808 156 653 566 391 436 588 148 104 786 356 786 290 748 199 606 720 187 622 401 734 733 63 422 13 630 64 777 169 168 721 613 607 862 504 528 407 211 174 614 546 285 113 677 386 629 937 192 626 887 69 850 163 246 308 722 450 600 341 467 19 345 276 274 288 507 319 751 559 705 180 897 876 364 420 303 856 628 130 481 693 447 369 89 797 299 312 520 787 738 841 637 452 500 156 134 752 944 529 73 496 686 323 542 903 470 195 159 955 393 554 812 66 763 785 860 836 336 898 194 770 158 295 790 390 329 325 353 300 489 773 408 132 619 286 366 451 284 779 612 517 302 338 11 893 930 880 473 858 565 433 835 590 361 242 605 307 91 754 653 859 296 472 14 831 7 497 772 861 527 396 726 210 44 118 321 782 50 805 384 281 729 180 518 351 908 248 578 772 587 70 933 675 358 378 389 365 339 247 512 965 71 730 766 960 608 889 853 951 22 698 313 867 832 44 780 825 643 830 768 193 699 434 758 450 691 48 167 42 31 218 764 224 146 490 460 715 857 28 272 900 328 712 793 182 560 654 854 126 748 486 684 450 492 116 540 510 959 115 495 639 86 896 135 334 9 533 746 419 180 92 176 217 800 690 642 679 921 261 531 774 38 265 229 728 703 521 549 829
100
74 30 13 77 60 76 17 63 35 52 24 21 41 87 76 66 28 32 72 96 23 7 88 10 64 4 18 37 74 56 48 79 82 55 54 57 14 72 96 62 69 9 80 71 26 40 14 38 53 33 5 81 98 13 94 36 73 22 34 25 15 27 84 89 44 50 78 59 91 35 83 24 29 97 92 68 65 51 49 43 31 21 45 86 8 20 58 100 67 59 42 85 4 61 58 92 30 62 71 16
10
8 7 4 7 4 4 6 5 6 3
10
2 4 8 2 2 7 1 9 10 5
20
19 8 15 18 12 15 10 20 13 18 16 6 5 15 1 6 12 12 9 4
100
79 81 36 12 70 33 46 82 16 8 49 30 18 3 55 41 58 60 35 56 34 20 71 32 7 62 4 38 74 66 84 9 27 29 61 64 11 77 86 10 53 40 69 45 93 65 26 75 100 72 54 95 21 87 15 50 99 51 22 17 78 37 83 91 90 19 73 5 39 1 47 43 59 15 28 94 76 31 97 89 52 85 25 44 63 13 68 2 88 80 92 23 42 14 98 24 57 67 96 6
10
3 9 10 1 2 1 1 1 5 6
100
28 24 74 33 36 63 52 75 87 53 93 84 51 21 85 41 69 65 62 86 14 38 45 2 43 32 44 1 82 68 35 26 4 72 31 5 73 22 96 88 16 57 25 27 23 55 54 97 50 49 13 7 10 47 46 95 42 83 76 94 100 19 6 99 18 71 81 30 17 92 66 34 37 3 8 59 98 90 91 89 67 29 58 12 15 20 9 40 80 78 79 70 11 60 56 39 48 77 64 61
10
8 9 10 10 7 3 8 9 2 5
20
8 19 14 8 11 12 16 9 5 13 17 15 10 2 6 10 13 15 14 12
100
57 51 66 30 98 27 89 24 13 43 79 58 68 3 86 15 23 21 87 48 22 12 65 95 50 81 100 56 14 94 8 31 88 37 73 75 35 96 90 5 78 19 2 17 4 42 45 54 77 63 62 29 26 36 85 93 38 59 82 32 64 46 39 67 25 6 18 28 55 53 47 11 41 16 52 20 74 83 69 99 61 49 76 71 44 91 72 92 33 34 40 97 1 70 84 80 60 10 7 9
1000
960 564 776 539 792 785 258 957 787 813 796 673 77 638 789 753 886 346 754 185 838 949 237 566 582 131 959 818 330 759 182 881 120 420 71 355 392 473 684 442 592 26 787 403 877 235 577 635 434 9 204 280 64 593 66 927 608 103 8 131 290 805 115 768 61 306 699 902 785 556 184 88 110 982 184 952 951 932 944 834 953 37 447 576 659 320 441 499 619 633 910 287 721 567 141 353 781 65 40 115 561 339 632 916 521 279 191 538 943 41 673 506 516 757 177 67 396 256 223 329 227 702 276 734 108 333 813 601 287 532 687 84 179 658 181 69 600 80 989 449 419 974 675 991 75 422 656 425 274 688 305 876 846 516 162 793 681 234 189 848 362 997 215 200 164 978 163 607 727 590 295 786 222 162 261 826 289 743 915 503 360 840 1 215 650 965 90 875 130 951 240 673 702 432 84 343 981 839 677 932 734 450 423 524 584 174 596 726 550 70 13 64 918 557 533 591 513 913 597 156 144 247 231 112 583 588 260 629 974 995 649 774 878 105 896 687 562 216 576 551 185 446 921 22 307 457 297 368 366 958 785 473 500 90 996 159 12 534 376 890 357 89 113 667 720 711 575 702 889 161 288 956 541 58 747 724 604 36 387 729 39 748 568 344 431 312 893 554 689 248 414 926 16 974 914 984 112 373 201 739 410 801 611 229 947 740 240 75 29 713 791 534 349 718 836 248 281 855 681 895 143 547 247 66 199 558 411 34 426 441 297 565 647 549 91 21 758 431 579 460 847 315 138 964 249 817 783 969 382 152 91 165 794 190 652 182 959 569 76 202 570 841 857 707 814 166 679 115 493 524 43 295 490 452 187 490 852 505 265 693 526 324 426 859 643 7 816 674 470 886 934 546 270 204 332 392 874 640 44 474 699 660 960 91 263 863 460 877 770 559 509 42 942 104 563 506 352 739 886 918 665 416 209 63 942 709 930 601 697 110 271 310 261 17 40 701 88 223 91 874 847 452 227 141 964 259 311 153 355 718 265 750 348 600 366 978 451 910 31 525 305 274 521 498 701 731 656 238 974 952 915 97 99 853 525 248 864 965 632 547 514 104 19 355 925 472 446 603 400 930 250 895 892 80 340 471 656 465 892 832 365 936 482 285 761 283 444 689 984 993 504 173 60 965 868 960 252 522 811 977 17 998 401 832 494 109 232 21 166 23 549 800 620 281 669 18 409 146 724 16 807 537 921 217 98 735 746 490 233 454 998 511 112 327 734 664 98 366 555 951 183 92 882 878 595 608 881 515 822 226 919 132 940 275 866 720 655 764 313 735 359 601 672 643 275 458 177 549 474 366 395 802 373 775 139 322 661 457 66 336 429 843 674 459 938 760 776 667 272 950 135 277 708 177 273 74 932 659 191 717 739 530 654 384 498 168 412 671 328 871 756 532 136 475 885 100 345 534 592 617 493 970 86 775 444 748 675 540 123 532 766 784 125 912 374 62 387 849 13 1 139 491 934 752 422 294 700 253 821 444 225 893 890 261 923 844 706 81 321 685 428 479 893 136 204 21 306 845 184 756 232 512 883 704 130 334 250 52 745 839 712 941 821 814 439 202 19 453 44 919 507 953 675 884 990 468 844 755 83 982 636 762 41 967 196 880 809 797 325 775 773 718 744 208 36 886 893 984 625 129 410 638 193 690 790 852 985 358 965 851 817 264 962 982 740 300 64 92 835 21 183 444 433 352 722 343 532 399 191 29 637 313 679 722 180 716 960 338 694 551 526 144 684 62 406 122 528 670 6 609 978 832 480 143 911 364 284 175 626 880 413 105 914 431 21 356 43 321 292 173 230 146 300 601 291 85 455 659 829 873 457 749 86 804 944 780 284 850 625 617 161 114 461 219 615 915 69 570 588 712 235 176 860 63 896 508 435 627 2 599 660 277 512 675 487 981 15 968 598 349 923 874 603 356 157 981 11 219 678 355 124 392 410 906 785 596 392 869 450 769 157 458 97 321 642 34 616 170 561 54 356 79 688 869 824 467 201 79 730 860 416 734 964 448 502 374 709 926 592 780 406 97 660 118 418 143 378 103 390 294 364 318 312 614 922 475 145 632 603 265 177 214 197 975 311 741 145 100 237 297 865 597 486 214 165 740 537 135 705 542 392 58 138 140 725 655 950 449 80 538 527 366 487 427 578 814 606 45 262 843 603 530 830 867 228 807 41 144 371 762 368 457 126 968 110 412 538 92 761 750 58 248 180 798 409 748 583 821 782 674
3
2 3 1
200
52 105 73 93 173 126 62 146 200 154 40 7 176 144 21 188 110 161 14 143 125 110 166 45 149 167 45 43 160 187 70 78 11 137 6 175 22 169 142 67 68 194 60 189 115 153 136 26 42 18 25 84 1 19 111 130 169 104 42 178 23 144 16 110 26 184 186 74 34 15 24 176 111 107 53 29 24 92 77 180 193 131 78 113 183 32 91 51 177 105 176 153 20 199 144 173 99 88 140 106 169 25 167 150 86 134 161 28 50 186 36 5 68 46 94 131 46 127 28 66 158 95 190 39 122 27 193 6 48 173 99 3 174 153 76 174 58 163 156 90 77 87 69 127 133 155 26 141 122 164 164 49 106 177 70 21 105 100 80 84 66 73 197 68 161 61 60 41 198 56 45 132 140 113 65 122 178 185 104 72 199 25 19 73 162 17 47 73 137 61 81 121 88 53 47 165 58 120 19 191
20
12 15 11 20 7 4 19 18 20 16 16 2 17 5 9 19 20 17 11 10
53
3 13 21 28 22 43 10 16 37 1 40 25 29 6 37 24 42 51 47 27 38 7 34 45 32 2 5 30 14 36 44 19 3 4 17 21 9 33 26 31 9 46 51 18 48 41 15 52 20 23 31 11 50
571
299 274 182 172 54 61 283 123 432 442 254 403 63 440 522 250 97 558 47 405 355 464 137 56 140 461 32 243 571 257 49 129 94 400 361 501 565 9 78 102 352 264 162 51 452 35 244 557 563 141 242 402 68 493 184 360 484 507 476 127 375 533 546 401 446 505 380 322 79 411 86 295 396 214 531 553 18 382 69 239 203 540 395 364 451 71 425 518 519 202 105 124 366 80 187 279 118 179 238 513 491 38 255 392 296 177 318 223 409 85 559 253 550 482 181 171 286 90 233 394 548 327 24 555 261 167 163 529 36 468 148 211 151 358 448 326 291 398 10 22 245 170 331 83 435 309 103 313 37 418 251 462 157 407 74 210 153 39 497 455 42 43 353 494 225 450 547 107 408 142 390 4 198 236 128 488 437 82 510 93 305 509 320 554 191 20 504 570 241 252 23 463 474 321 416 132 302 514 62 76 537 208 149 477 569 165 122 434 237 385 552 460 59 249 315 412 524 50 33 516 144 562 271 192 307 415 471 232 29 444 27 365 98 130 199 218 433 351 561 486 174 72 186 344 478 188 287 275 120 422 523 391 178 226 458 545 384 319 324 285 246 312 543 19 166 81 7 345 145 369 492 495 383 66 363 194 567 269 262 73 247 77 267 525 234 216 378 457 121 266 338 156 350 280 44 30 379 367 508 480 217 528 419 134 60 282 206 70 336 116 527 472 8 459 230 205 359 259 67 300 371 55 260 429 479 17 349 342 6 511 410 228 272 368 496 330 343 381 256 13 466 317 541 436 568 138 193 289 110 538 173 95 393 406 370 373 297 131 100 304 46 5 470 15 298 209 346 333 270 534 147 276 125 31 500 248 323 281 204 347 143 273 389 91 133 190 293 180 158 310 439 152 449 25 526 535 512 332 430 549 551 52 566 109 196 340 499 521 374 16 308 423 263 154 498 532 53 87 441 397 268 185 175 311 150 197 388 189 506 207 453 40 427 48 57 161 481 106 341 445 201 376 357 215 14 399 96 556 212 335 467 45 75 473 328 220 288 222 503 115 265 443 424 155 58 386 65 377 520 536 325 447 454 112 229 213 104 428 227 316 438 303 542 278 413 240 88 168 159 11 3 108 200 487 334 502 113 490 2 539 231 26 314 41 414 176 277 337 21 119 284 420 160 28 258 544 84 456 489 530 560 89 292 1 348 221 224 426 117 469 431 195 465 101 294 64 114 387 421 515 301 485 483 164 339 354 126 146 372 517 139 290 362 417 99 356 136 306 111 169 219 34 404 475 92 12 235 329 183 135 564
200
90 164 165 138 52 86 82 147 127 44 186 186 40 100 30 78 174 179 188 54 111 57 1 28 100 117 149 87 148 165 96 12 198 52 129 53 98 15 13 73 36 116 10 37 195 200 152 87 48 69 159 127 127 146 198 21 39 125 16 116 38 111 76 113 144 139 15 73 22 163 182 74 92 44 89 154 37 47 194 144 123 153 19 197 129 123 8 65 56 119 57 195 187 141 75 154 48 95 89 162 59 7 67 52 122 172 96 115 51 71 35 162 167 83 120 169 27 48 13 143 127 136 40 184 193 38 73 95 54 192 156 136 141 193 163 95 94 14 161 96 99 148 97 61 111 54 118 154 161 92 114 177 163 4 23 65 30 13 82 123 123 46 103 199 139 1 105 67 177 198 74 115 144 112 80 7 86 181 100 185 42 66 4 100 135 10 66 26 68 125 157 55 98 9 121 172 55 147 60 9
400
192 6 156 194 166 21 363 42 181 110 169 307 125 298 113 190 317 160 301 123 227 106 122 273 19 95 213 231 368 397 103 60 191 297 28 243 291 117 379 277 112 372 286 207 232 296 212 225 165 387 158 324 34 90 200 366 383 337 152 228 304 39 279 315 1 211 377 375 48 331 394 32 55 330 236 33 395 11 71 56 309 84 344 288 193 346 343 221 120 157 118 22 348 159 8 223 10 208 7 26 179 266 222 233 93 31 312 271 359 176 140 270 59 102 78 97 390 378 224 399 371 362 155 25 170 324 256 89 341 206 201 196 85 248 219 353 185 124 325 329 260 398 245 111 391 335 320 109 251 356 259 108 310 303 175 35 64 338 91 241 292 133 47 72 249 100 265 115 352 247 319 308 147 268 43 2 289 281 154 332 105 129 141 79 334 314 239 27 300 49 327 119 81 376 358 146 261 161 88 336 136 142 209 373 382 195 400 46 287 73 305 326 15 16 151 285 210 17 50 76 203 369 143 226 354 374 254 13 258 174 380 162 267 349 238 99 365 14 86 68 149 184 339 20 230 83 134 69 139 40 364 187 388 132 264 355 215 246 396 275 137 253 350 199 135 342 182 333 104 321 234 29 290 82 323 294 70 205 66 274 385 244 57 299 9 263 131 144 347 177 128 240 276 360 255 198 284 204 138 4 67 114 283 5 318 357 381 77 126 172 302 242 188 148 107 237 87 94 121 280 164 216 214 335 269 293 340 202 384 65 306 257 171 98 218 23 328 370 51 389 54 12 183 173 53 3 58 52 127 18 150 217 386 130 74 168 361 235 38 116 153 63 345 311 30 252 316 250 145 178 282 322 313 96 80 163 62 45 44 272 392 167 220 36 92 367 180 101 41 197 295 61 37 278 262 229 393 351 186 189
10
5 3 10 5 8 5 2 9 2 9
160
8 18 20 78 58 26 113 104 99 82 32 68 112 154 50 13 27 100 140 42 34 136 79 46 80 126 116 147 23 28 118 66 3 18 33 46 9 86 92 54 134 40 131 90 50 31 29 160 145 19 115 143 128 44 144 55 16 22 12 123 64 73 75 129 41 89 97 107 26 57 158 45 10 77 137 121 88 5 109 53 114 110 61 156 119 27 25 85 30 67 138 59 49 106 120 72 83 137 84 127 125 62 14 148 48 101 150 118 102 142 152 159 122 38 81 52 76 39 105 155 139 95 35 133 76 7 65 146 24 51 74 43 70 11 47 63 111 60 87 151 95 6 71 132 56 37 153 96 86 91 157 21 103 4 124 1 94 93 135 130
320
238 174 210 291 20 54 172 296 319 279 196 60 17 229 227 212 124 195 197 205 289 209 33 101 168 234 180 129 173 270 156 142 24 297 50 257 28 232 107 84 89 198 105 271 202 169 95 165 6 252 144 242 15 249 126 107 148 228 53 113 257 120 157 107 230 119 167 128 147 103 212 1 2 250 19 245 179 302 132 108 314 285 81 288 144 93 176 298 217 199 115 311 263 34 255 149 144 273 298 273 256 7 110 79 171 33 53 317 16 177 174 283 9 268 204 247 45 13 187 143 191 308 179 299 298 220 251 70 154 133 206 230 69 145 27 86 53 241 193 107 280 92 312 22 134 115 242 259 188 244 250 81 116 228 318 218 156 89 296 221 153 106 63 314 232 47 51 282 92 284 161 303 75 155 111 292 108 306 253 118 150 215 133 244 112 236 125 300 11 31 94 66 274 295 140 14 32 243 50 1 5 219 313 127 136 193 122 304 29 42 166 48 220 189 10 101 214 62 160 50 82 307 152 247 117 310 182 264 27 130 146 123 86 208 143 222 35 168 207 83 271 315 56 61 148 111 157 79 109 261 223 112 201 158 181 102 146 78 310 84 139 240 6 89 170 258 126 38 12 74 320 192 222 122 236 162 27 76 72 126 37 3 289 104 280 3 88 192 4 178 225 295 248 266 67 24 46 266 129 98 2 128 96 138 162 77 305 269 14 151 87 246 36 211 208 177 84 43 76 265
51
21 35 14 5 24 27 38 17 7 3 10 18 31 47 14 39 12 23 11 45 2 49 46 29 3 20 41 50 19 26 1 6 9 15 32 8 4 28 22 34 43 43 41 30 40 51 25 33 48 16 42
100
19 5 26 96 64 40 41 33 53 3 28 23 1 100 28 7 44 2 69 81 65 46 8 49 42 66 79 99 90 10 92 54 74 92 39 79 93 58 68 10 89 98 56 83 75 45 70 40 62 68 44 6 80 82 47 88 95 34 22 36 35 67 16 81 63 84 73 55 18 4 15 78 9 11 86 94 97 17 59 24 13 85 14 52 29 27 37 54 37 43 85 77 65 9 72 35 25 58 12 95
128
64 9 70 61 97 35 115 84 80 112 117 103 40 18 91 116 119 91 70 123 34 65 52 49 72 84 39 3 51 123 114 112 101 100 85 122 80 115 127 3 62 98 98 21 82 62 8 61 31 117 104 34 20 66 78 7 61 115 46 1 48 26 23 90 60 5 52 60 72 3 2 39 99 114 84 14 80 55 118 37 18 70 11 21 40 29 83 2 82 71 69 47 105 40 118 80 76 9 23 99 63 100 28 85 44 97 59 60 62 128 110 99 14 97 111 6 126 16 127 1 117 24 115 45 54 29 106 43
231
15 14 139 199 20 109 169 151 115 93 168 122 140 2 123 194 159 175 195 110 226 202 66 133 33 209 129 17 114 41 84 105 81 149 175 104 56 28 82 202 56 107 176 61 43 123 87 85 168 20 95 125 229 146 19 209 32 53 2 106 158 84 116 191 146 75 156 25 40 34 91 5 219 51 148 224 167 57 70 62 197 188 186 230 191 169 97 77 43 140 76 200 174 149 227 213 1 198 23 125 48 3 218 24 12 191 224 133 9 148 187 91 59 93 90 65 203 113 124 78 87 143 153 14 201 168 137 112 224 230 170 138 190 212 63 25 168 56 123 97 90 127 129 35 144 194 94 21 201 206 51 4 123 139 166 153 156 81 106 32 115 112 205 197 34 30 82 102 209 35 34 39 228 167 211 180 195 90 224 2 215 153 200 21 1 220 179 93 7 141 212 40 22 118 227 13 25 212 55 112 79 112 89 109 137 150 201 67 138 115 127 85 96 46 55 149 131 208 181 207 99 209 93 76 72 148 224 194 130 14 109
51
48 12 17 41 9 34 25 46 19 50 7 36 38 13 10 30 31 22 40 42 5 21 49 4 1 43 44 26 8 6 14 45 16 32 24 29 2 39 35 51 3 47 26 37 23 43 49 28 20 11 47
10
10 10 10 5 10 10 10 10 10 5
20
18 17 16 6 20 18 1 6 10 1 14 14 10 13 16 6 19 17 1 11
997
416 690 985 369 318 466 248 311 389 739 612 800 301 544 364 385 755 623 495 372 551 682 581 574 867 514 639 798 78 166 965 217 21 764 169 489 180 40 575 257 922 986 366 196 885 602 665 3 251 467 166 900 303 955 341 713 208 448 605 271 451 202 658 690 507 951 283 915 413 22 209 776 601 136 27 678 218 833 787 332 275 465 148 150 49 600 791 893 161 6 61 439 267 766 130 826 89 133 302 8 242 25 188 786 521 431 103 934 621 613 122 118 295 396 820 593 647 460 71 278 785 792 671 138 126 987 146 563 749 331 274 272 395 688 610 125 559 162 813 705 274 770 85 851 653 176 761 269 247 266 22 454 131 814 276 812 696 667 661 331 45 927 101 506 124 172 861 685 345 695 314 96 922 807 237 81 513 674 848 769 738 841 774 241 607 79 114 959 284 74 140 980 360 546 901 243 329 969 268 714 709 270 558 383 653 815 905 321 681 723 778 896 592 231 725 562 855 524 113 836 82 980 104 256 100 101 15 258 83 712 940 972 436 160 933 592 498 35 314 774 363 337 543 833 702 50 410 874 941 766 7 365 759 425 164 561 309 442 47 710 518 925 215 771 242 381 477 858 445 87 332 741 750 886 695 77 776 831 561 23 906 986 806 504 19 163 52 348 663 769 752 780 570 625 254 211 533 901 308 577 754 369 706 92 292 367 419 662 827 805 289 430 491 250 352 807 711 26 773 460 803 908 551 591 878 606 186 485 539 207 130 50 287 227 358 48 155 829 260 789 811 670 609 339 487 512 250 91 593 226 95 859 336 652 704 857 643 406 538 780 711 582 62 145 970 371 835 487 253 755 473 680 958 695 607 388 56 983 41 703 979 666 869 889 462 605 106 535 917 810 339 982 951 729 966 500 511 910 326 18 785 11 736 584 57 417 449 220 756 486 40 658 243 182 549 153 686 350 930 686 290 914 181 594 634 631 766 16 205 751 488 600 162 426 599 432 723 573 440 38 840 542 108 398 547 667 160 797 734 235 31 123 304 152 793 61 191 550 569 232 292 119 523 680 183 852 783 728 109 155 556 902 711 43 170 93 373 223 8 520 160 782 721 956 64 330 128 747 66 20 294 338 346 779 842 883 835 948 103 534 515 279 127 58 437 701 457 790 197 857 436 950 694 26 911 69 57 33 772 949 681 423 824 530 430 654 229 991 322 143 599 174 272 168 82 568 214 357 471 334 259 418 243 277 386 20 732 261 683 461 763 450 927 185 850 571 609 53 652 316 256 779 828 811 776 967 830 894 588 409 658 597 693 878 528 557 633 178 649 351 767 308 237 485 273 642 502 142 285 496 676 213 262 608 578 347 284 69 644 195 777 414 24 695 149 689 187 640 557 255 798 333 34 453 582 187 984 555 10 839 384 627 139 37 117 200 622 867 448 236 503 894 825 566 224 641 431 118 708 344 273 201 731 876 376 429 5 194 302 893 522 147 205 511 159 716 627 571 6 396 438 327 788 88 459 815 646 784 762 315 184 420 67 727 870 882 776 219 714 514 213 962 909 370 407 708 729 342 678 154 586 130 46 541 275 736 192 23 481 659 474 637 614 795 618 543 200 686 624 137 199 402 230 955 950 875 893 123 370 489 394 245 403 797 626 476 29 177 291 816 838 478 815 748 519 472 349 340 575 215 32 866 587 884 55 192 865 818 651 961 854 863 528 560 370 194 923 822 699 12 722 65 954 804 968 964 273 66 798 380 569 540 480 628 280 72 493 897 595 928 258 895 684 802 743 484 957 982 583 847 435 755 382 918 572 962 448 769 656 635 111 527 834 415 351 108 864 491 231 673 475 946 667 154 881 980 454 904 969 13 650 801 212 310 454 895 167 576 943 266 577 466 390 468 135 398 778 873 239 487 377 655 936 40 675 117 70 88 942 399 3 41 947 107 782 931 9 823 821 489 156 529 589 937 668 975 628 222 914 926 666 607 907 48 341 324 757 921 208 297 307 134 452 535 630 953 31 850 790 994 190 971 845 120 782 319 611 765 152 984 545 397 190 455 562 509 924 328 890 45 558 128 963 129 758 710 936 90 232 383 296 797 760 775 814 525 14 743 29 153 537 312 538 110 983 552 962 501 278 730 756 463 349 471 674 133 122 781 356 639 997 124 669 981 746 185 496 335 891 854 483 682 530 63 343 424 548 517 898 72 457 598 18 35 80 732 946 444 252 192 497 899 829 437 362 42 198 36 156 282 51 878 839 920 970 53 102
502
391 406 213 245 312 388 423 375 331 243 316 354 345 46 348 35 199 325 327 229 58 499 164 74 486 288 332 76 404 231 362 453 133 7 192 40 364 31 161 305 273 383 175 263 334 182 193 97 296 45 361 426 437 238 441 100 24 247 446 292 123 360 28 367 32 494 277 259 184 315 22 459 63 481 99 42 410 314 299 269 29 404 378 403 479 330 145 43 261 460 421 56 25 214 211 430 251 138 219 48 18 144 472 282 286 328 135 9 67 384 82 432 313 438 159 140 171 260 124 389 318 477 402 475 473 203 443 236 105 235 428 493 185 36 436 86 166 4 242 429 502 287 168 284 128 189 152 456 303 401 466 39 342 244 451 371 228 221 258 111 151 206 20 248 38 119 326 217 136 416 370 85 336 297 107 257 84 355 162 75 311 122 399 16 146 108 487 239 358 149 240 174 405 289 87 207 195 163 172 121 350 72 198 306 115 14 276 12 351 476 130 30 385 347 88 158 191 341 374 196 101 294 212 309 49 154 268 218 132 8 47 293 141 69 26 177 491 160 279 280 139 400 480 54 225 41 457 376 339 202 478 414 407 324 183 226 424 444 255 90 234 197 186 21 498 463 500 458 418 83 455 395 55 333 210 329 343 390 143 61 310 488 230 51 304 52 94 13 295 73 397 252 10 474 387 368 205 469 66 490 173 281 283 440 60 178 250 208 79 352 381 452 180 496 117 346 349 220 366 188 319 209 266 148 445 125 411 109 127 165 129 224 249 241 134 492 98 497 485 285 96 356 392 470 216 340 53 482 187 11 413 449 465 19 59 393 1 95 57 484 126 253 454 33 169 433 37 363 120 467 265 301 323 396 398 298 104 462 116 64 204 131 147 113 181 483 237 222 5 435 2 27 92 291 110 275 373 412 3 68 501 102 369 200 264 353 357 170 321 103 267 65 70 201 335 118 442 93 91 215 153 382 372 419 308 380 150 6 427 302 450 278 15 142 270 461 471 89 34 254 179 232 272 112 194 320 434 409 408 106 17 338 137 62 262 386 227 394 223 44 447 344 420 114 359 80 290 489 307 439 156 431 365 322 71 167 377 190 468 78 23 256 157 155 300 337 417 233 77 464 50 379 271 415 425 495 448 317 274 246 422 176
870
815 787 648 638 352 734 604 332 400 571 191 385 702 539 235 543 645 476 398 580 538 392 680 613 757 815 224 395 62 5 194 692 460 439 643 255 74 736 729 802 596 186 305 203 84 242 467 213 317 529 867 150 200 353 294 464 240 385 673 309 811 289 630 188 667 647 32 646 703 242 703 87 203 452 446 260 478 868 453 14 691 321 224 776 328 275 539 520 571 228 463 628 359 28 498 800 103 381 284 170 772 508 602 132 304 424 243 392 15 499 274 666 382 86 154 100 212 141 216 392 320 247 655 651 1 850 747 640 760 286 776 123 286 452 231 724 631 345 342 379 736 596 730 405 96 33 619 705 688 206 547 628 731 347 618 654 292 448 436 423 420 866 482 675 89 530 742 711 333 576 3 213 383 633 105 432 175 377 168 522 100 355 449 707 82 699 74 61 446 572 212 278 856 684 706 387 70 48 615 600 474 554 744 549 263 683 809 31 419 706 165 618 262 557 597 528 697 623 300 768 828 647 774 548 63 603 460 622 607 218 128 729 54 227 772 44 703 814 165 775 67 391 25 572 137 244 73 221 753 402 51 108 374 612 234 87 457 847 268 717 102 297 632 652 135 72 120 638 266 504 320 651 865 564 493 317 393 471 869 560 555 424 501 20 347 454 625 206 9 446 268 304 37 358 71 136 774 740 615 224 76 234 663 60 173 838 843 67 381 785 501 137 797 90 651 101 547 364 601 834 140 165 150 477 701 642 32 196 270 305 265 304 475 522 325 362 719 645 245 560 173 31 816 682 747 387 584 759 414 73 281 160 760 658 399 375 583 81 780 324 795 294 816 222 467 730 674 850 129 275 103 507 859 676 520 374 62 237 67 651 35 121 520 758 738 866 330 254 765 735 135 682 563 626 804 498 506 671 716 765 330 798 796 270 109 321 566 521 549 136 529 242 63 230 275 604 384 715 204 407 406 414 303 445 142 658 2 429 643 676 208 111 264 117 203 760 866 464 180 328 602 141 450 464 807 152 721 561 516 860 673 575 670 707 648 219 168 744 190 607 252 406 576 390 582 273 408 307 229 810 172 634 62 486 452 440 110 273 13 354 596 296 183 75 856 132 120 319 466 615 319 609 795 577 667 204 693 246 784 447 207 548 228 687 169 179 750 47 495 715 95 308 250 614 242 205 723 143 51 392 287 719 681 867 160 6 821 264 860 833 146 760 495 498 348 289 597 383 52 132 366 607 703 365 306 107 662 806 823 693 407 27 84 796 240 533 467 486 36 584 122 775 862 12 172 367 320 342 150 185 211 599 456 93 30 360 13 866 583 309 88 540 505 394 710 210 779 604 476 376 409 474 167 294 417 241 95 739 386 543 424 13 63 390 13 85 156 359 97 550 712 754 653 257 133 223 55 137 89 778 276 155 833 627 642 314 660 865 528 670 325 446 101 34 137 734 565 273 163 414 314 421 465 739 109 763 622 121 471 210 830 175 408 505 731 385 670 774 563 472 136 72 845 444 802 590 620 218 261 46 505 294 614 447 819 760 290 106 34 801 585 660 360 371 501 560 211 4 757 385 501 669 174 460 594 150 349 343 230 607 64 758 543 675 582 796 173 795 235 718 263 321 694 424 781 427 489 825 606 61 639 651 187 756 793 533 486 862 48 279 838 473 604 662 174 308 448 471 422 732 762 570 781 216 1 333 68 831 294 555 178 360 379 220 380 768 526 492 642 72 187 428 775 612 674 442 607 751 707 313 158 834 288 777 860 475 138 302 417 201 308 247 591 666 310 169 66 485 553 127 502 8 711 192 788 650 480 102 5 362 789 529 249 285 576 204 646 634 483 541 355 119 620 21 94 603 484 321 726 12 486 676 416 828 519 541 169 571 450 501 548 607 810 573 457 405 118 433 838 321 193 380 458 766 33 736 799 485 253 846 176 402 494 624 811 242 15 806 840 564 566 431 201 384 749 212 204 41 193 382
10
8 9 1 5 3 9 1 2 5 9
20
5 17 5 3 9 2 5 2 2 15 1 14 9 12 12 20 2 4 14 12
1000
637 335 865 519 910 922 69 333 518 99 765 908 964 177 813 745 630 223 972 522 476 443 568 956 354 127 238 499 371 226 565 237 168 715 262 933 474 543 734 447 157 557 853 231 446 495 451 580 585 759 665 607 670 72 935 645 722 78 601 501 985 80 974 430 397 211 830 125 542 646 856 54 960 633 359 704 472 46 274 62 668 610 320 986 666 995 360 383 953 27 570 747 879 648 827 344 15 50 10 869 881 504 347 290 151 150 301 627 971 193 792 551 454 421 86 594 478 202 702 577 395 234 285 356 68 950 26 372 901 586 831 521 631 888 658 254 805 937 435 763 801 927 488 455 598 654 773 534 659 106 762 581 300 904 892 382 41 979 135 791 235 746 883 508 401 623 776 713 239 487 772 955 943 748 363 740 907 183 806 470 503 622 178 553 505 174 755 434 391 729 742 1000 110 1 653 388 749 609 206 242 930 118 294 834 980 821 492 876 934 5 599 14 258 886 439 621 890 159 3 275 982 921 18 958 894 30 328 678 826 384 64 318 247 122 461 362 583 657 164 349 802 58 597 789 760 208 590 909 525 87 588 89 700 848 619 625 824 94 810 592 389 35 438 990 854 895 305 617 21 100 548 859 782 79 932 800 775 572 22 691 524 411 563 842 123 257 375 998 840 104 779 695 688 203 608 358 719 355 458 686 107 187 342 723 259 914 309 703 316 875 837 133 400 197 966 818 701 232 744 83 981 269 462 332 650 777 364 227 753 529 502 324 8 756 923 280 513 604 735 541 896 949 844 96 432 134 218 418 917 52 161 387 485 25 973 124 160 296 75 786 728 2 867 327 357 329 456 419 530 642 29 279 855 672 919 198 497 795 415 851 611 554 88 771 889 639 352 766 261 804 189 236 489 838 121 721 386 515 898 920 165 60 761 915 663 718 537 473 783 520 20 532 556 618 988 788 240 225 368 874 114 698 814 466 676 188 754 558 13 784 250 345 741 431 139 811 679 464 215 845 547 709 941 531 539 45 40 33 911 967 877 882 169 348 144 176 493 299 36 790 916 323 832 42 727 424 843 849 948 180 538 77 408 175 705 147 576 117 92 991 190 283 376 684 353 945 170 143 393 903 706 267 644 752 836 707 825 905 28 555 16 331 757 102 550 429 181 308 326 103 683 861 337 132 398 661 819 233 739 410 131 47 675 281 249 912 310 793 330 369 571 136 677 148 671 602 407 471 445 589 340 73 38 820 835 940 441 649 770 449 112 682 184 303 500 413 751 428 509 968 669 220 887 7 31 298 605 23 928 91 540 660 938 219 717 477 120 245 186 48 152 506 370 817 49 651 962 251 207 730 402 260 416 270 712 674 243 452 780 731 246 536 764 338 567 992 155 105 287 82 313 797 733 624 873 113 268 414 255 213 216 182 399 614 256 295 636 655 346 17 156 936 74 448 798 200 109 559 603 440 891 640 396 963 56 70 632 138 931 325 926 823 195 146 628 667 271 282 149 778 516 872 405 687 51 85 4 593 561 53 535 374 994 596 523 425 533 210 807 59 828 552 579 484 711 481 841 293 858 65 288 997 839 459 129 253 987 422 635 952 252 97 460 76 475 491 366 796 292 656 685 595 946 575 34 781 951 406 128 864 479 57 304 302 863 961 465 361 996 44 600 433 613 39 339 750 9 900 199 66 116 191 862 319 32 732 833 847 351 975 496 494 437 427 130 334 629 564 822 507 403 664 140 185 11 976 204 924 417 714 510 171 442 989 115 167 767 498 291 37 716 273 409 196 977 643 549 737 244 394 93 111 528 902 378 708 612 336 153 457 141 241 852 390 137 179 897 311 829 81 436 620 880 423 787 878 584 373 517 544 860 230 652 769 942 229 95 681 809 696 108 463 673 166 545 647 350 266 693 289 278 284 467 343 574 192 983 90 468 993 380 803 43 265 426 71 969 689 272 680 512 743 725 720 906 959 145 899 939 483 699 662 615 420 724 12 870 816 562 212 101 277 163 527 984 214 884 322 385 217 641 381 947 162 444 321 453 98 868 970 392 794 490 154 286 758 67 738 248 194 379 526 694 306 404 228 264 276 626 263 222 6 365 768 954 412 142 569 965 201 578 55 482 209 307 978 690 573 957 546 514 634 173 799 297 560 893 469 119 126 736 591 566 925 172 24 710 224 866 913 726 587 341 944 929 315 450 815 857 511 367 19 871 63 808 312 785 582 158 205 846 221 317 885 61 84 697 999 774 812 480 314 850 486 638 616 692 606 918 377
1000
461 212 817 186 378 362 923 631 427 486 998 311 357 45 454 34 898 839 30 202 327 856 723 133 997 229 659 499 725 16 859 831 802 935 108 549 101 441 322 688 313 636 151 198 1000 948 947 69 864 367 363 422 364 742 138 407 497 611 284 115 20 294 316 996 965 642 339 417 597 710 595 572 733 377 277 904 2 54 865 796 848 169 221 380 160 818 722 712 901 685 187 420 730 109 623 334 661 184 103 650 622 889 52 852 701 826 718 641 312 213 282 452 621 540 774 418 784 354 435 162 330 63 126 857 679 798 727 241 863 833 878 141 888 876 243 953 553 946 242 791 821 29 917 8 11 602 934 585 592 458 86 649 472 345 269 666 147 768 224 525 694 237 971 792 897 18 601 164 191 61 393 731 230 288 754 17 891 23 308 584 843 22 834 616 75 225 513 318 143 961 956 662 477 890 775 65 577 644 610 526 702 240 751 49 279 136 165 456 447 272 799 606 780 936 41 522 728 321 765 951 424 479 633 50 515 332 537 968 130 10 828 785 705 990 604 583 432 13 97 60 207 957 608 770 912 171 462 851 771 286 675 58 234 182 884 379 157 674 93 392 560 177 210 855 713 159 264 790 40 315 973 618 176 596 797 930 963 505 657 670 268 194 637 331 37 292 81 201 858 262 958 761 793 911 690 391 542 76 529 638 783 356 629 714 680 6 847 167 667 696 351 170 764 436 359 206 104 726 88 795 915 579 366 376 981 603 94 12 89 559 985 544 598 822 358 352 895 258 532 565 259 216 439 135 881 807 820 125 401 466 617 459 862 84 114 196 913 33 333 860 919 79 653 70 134 916 845 909 398 801 368 813 386 263 113 490 861 106 738 709 541 967 335 706 469 387 880 803 984 894 846 599 995 870 24 502 199 816 787 684 492 223 209 746 867 156 886 80 371 467 986 372 232 74 124 137 841 524 494 900 255 518 983 772 535 825 875 100 695 105 353 179 660 643 338 752 271 593 409 654 411 57 77 574 918 131 506 146 464 305 319 180 9 173 55 624 283 755 244 493 21 119 145 773 664 555 299 853 95 501 152 26 410 682 43 811 928 107 969 254 153 285 302 941 309 720 766 473 457 567 265 753 887 844 51 546 465 220 569 619 291 937 139 280 163 281 414 703 297 647 498 122 82 907 931 166 256 4 39 91 950 226 673 854 545 337 977 296 419 952 406 527 195 28 369 399 964 403 222 520 528 634 899 476 879 267 394 236 471 148 536 217 692 756 320 53 370 823 42 487 287 665 806 940 168 548 561 676 573 127 668 945 591 144 681 35 484 227 556 877 448 491 238 203 832 71 440 570 87 429 538 988 678 251 571 218 46 295 922 868 551 547 809 496 743 778 987 628 750 903 342 154 455 962 31 444 390 275 648 509 310 402 248 699 788 994 914 413 56 482 749 47 815 373 400 882 652 789 582 19 110 278 117 67 554 587 181 758 128 614 589 253 257 871 423 185 892 508 757 566 630 188 600 850 140 323 760 375 397 72 769 504 361 228 838 924 707 343 245 734 73 266 32 99 405 450 468 235 910 428 189 717 314 463 83 388 123 300 102 704 804 745 219 478 927 932 200 14 691 158 671 416 116 328 974 64 408 873 991 982 374 149 90 737 44 639 517 812 27 453 215 715 360 347 607 786 446 938 443 449 905 460 249 562 442 740 955 183 193 7 348 874 835 552 944 763 250 697 543 48 972 810 794 748 270 25 613 942 260 590 925 214 943 59 301 96 575 324 326 161 470 716 98 736 431 767 902 655 412 992 66 669 239 980 908 683 415 920 872 976 777 252 539 978 576 404 819 989 672 711 336 747 438 687 483 129 516 677 132 814 612 626 325 365 1 437 178 274 759 190 355 586 385 510 62 395 381 689 744 289 781 721 896 588 893 475 531 421 121 396 580 434 246 929 782 205 78 445 993 700 68 627 594 658 38 625 120 341 824 979 530 632 960 885 954 306 150 800 836 729 298 605 578 247 906 999 290 656 507 3 719 686 451 609 959 233 481 15 383 425 307 112 558 635 304 474 174 741 172 344 430 340 208 970 581 211 85 926 827 651 966 640 293 866 698 869 646 303 261 382 949 118 346 779 933 762 842 939 317 837 521 840 732 805 349 175 563 568 36 204 389 533 329 645 485 849 495 523 426 111 620 155 550 663 489 500 921 511 724 384 975 197 433 480 192 273 708 829 615 350 830 512 735 557 488 276 739 503 693 5 883 519 92 808 534 231 142 564 514 776
400
394 164 381 66 102 105 238 50 195 179 350 40 310 153 349 284 83 389 131 380 122 344 112 223 80 28 247 326 263 70 85 128 146 243 386 394 329 340 231 320 32 353 175 94 307 303 250 49 160 252 224 392 99 184 205 15 330 149 325 264 204 239 163 390 393 362 272 260 130 368 181 203 194 171 207 267 384 168 191 194 188 321 378 249 51 371 158 13 174 381 279 397 278 333 269 65 26 278 313 99 30 6 324 65 81 255 270 79 44 188 76 309 331 21 275 91 192 296 117 193 201 398 1 339 143 236 184 218 132 299 32 262 225 222 75 209 395 87 357 265 64 229 334 75 328 142 365 392 176 75 54 245 177 330 82 139 165 139 3 14 88 287 164 306 43 116 233 227 137 277 60 259 318 5 196 246 290 120 51 78 118 337 111 372 197 167 298 276 244 142 362 98 145 234 75 147 369 206 235 35 34 11 20 56 211 31 53 58 9 314 226 50 214 74 101 348 68 111 199 363 2 400 232 317 125 116 280 172 18 69 59 241 217 338 228 364 127 193 377 366 240 120 308 47 39 21 282 89 251 157 313 107 277 400 148 37 383 198 104 71 121 77 340 182 184 173 219 382 218 22 320 97 327 29 354 134 5 48 8 291 46 323 171 72 289 107 144 331 261 152 88 118 67 320 111 399 273 164 27 189 134 375 87 4 123 387 63 300 73 302 91 285 180 129 48 154 52 223 136 388 273 379 374 45 55 103 133 319 86 58 101 230 126 332 136 383 62 342 17 119 198 253 121 237 170 5 10 42 340 154 239 180 293 141 206 288 216 362 4 135 173 256 129 336 202 131 191 1 322 61 210 281 5 312 391 137 155 16 90 376 294 124 92 258 194 370 23 268 288 367 213 167 33 115 200 321 266 109 185 178
50
20 16 6 16 34 14 21 35 29 27 41 34 4 6 49 2 37 40 40 25 29 15 9 32 43 35 50 4 9 44 11 24 34 5 8 46 22 39 6 32 44 25 25 30 8 36 34 8 15 27
165
96 128 114 70 129 158 119 39 93 63 50 43 55 118 24 15 22 73 86 92 111 17 131 127 147 113 49 87 94 10 62 124 124 10 12 127 122 4 130 147 111 131 74 144 123 161 120 90 45 72 33 127 160 22 142 102 160 131 42 105 20 49 20 159 153 159 38 113 39 38 75 77 84 125 51 104 97 90 159 126 110 106 122 9 145 146 111 77 62 156 129 61 127 155 91 121 88 72 165 115 30 155 20 97 4 20 1 6 22 164 153 128 27 65 107 18 107 87 71 96 132 158 27 132 134 136 128 73 127 69 107 32 54 135 114 116 95 93 25 10 82 96 83 57 61 140 54 122 35 23 128 50 12 145 56 22 63 153 120 53 121 31 78 91 63
20
7 19 11 7 15 16 4 15 15 2 19 5 14 11 12 3 4 14 20 11
100
18 89 34 10 41 17 69 81 25 79 72 15 64 41 28 82 73 95 85 30 96 4 51 85 37 77 92 59 27 74 84 67 91 32 75 16 27 23 89 88 3 76 73 81 31 51 100 71 97 58 22 47 6 30 5 10 69 80 7 6 96 20 11 65 33 57 42 7 70 50 80 54 11 99 36 66 98 60 64 45 83 57 87 19 51 15 86 40 18 26 35 52 41 74 8 55 78 9 21 39
10
7 8 7 1 10 10 10 7 3 8
871
70 333 690 450 469 859 598 633 391 684 866 279 870 104 498 370 58 682 308 36 34 700 214 48 483 579 580 588 442 1 82 146 122 97 195 645 99 437 260 759 124 834 358 388 98 384 409 511 669 724 604 186 654 748 6 33 116 869 527 614 23 428 535 9 668 629 444 539 171 44 742 761 175 753 793 747 335 619 465 581 600 255 435 737 423 282 711 557 223 21 812 46 778 230 18 637 212 430 490 534 182 454 482 118 531 164 644 141 378 172 706 824 584 381 180 258 848 215 181 433 459 839 788 772 562 837 547 458 241 264 105 401 806 609 852 635 396 291 92 188 591 452 626 325 421 828 77 537 743 503 337 3 741 63 154 565 526 64 608 271 688 132 10 838 497 217 643 659 137 405 658 864 240 694 249 20 153 660 502 321 361 73 289 471 646 577 322 594 268 323 88 140 466 542 620 62 614 798 528 606 247 794 721 857 234 865 615 85 326 201 169 42 763 708 272 599 151 491 364 127 383 142 425 411 460 189 546 327 726 391 696 775 426 733 283 30 257 243 835 368 652 239 695 138 624 443 313 386 259 159 702 262 48 269 508 790 75 868 315 602 221 136 353 656 686 559 397 484 570 285 821 215 578 128 494 434 39 677 2 567 845 121 736 210 787 740 560 829 51 574 712 376 187 380 194 552 357 569 235 246 820 120 457 28 270 296 783 200 67 103 15 720 408 774 55 178 94 355 254 587 641 492 846 672 843 548 563 685 87 318 157 170 438 792 571 272 330 760 601 631 480 199 9 453 840 632 360 766 111 762 198 47 709 161 861 344 621 797 799 22 603 710 320 416 561 8 618 56 89 468 461 303 35 714 785 704 129 473 265 232 7 755 374 777 343 655 110 79 233 478 662 256 155 174 213 631 225 476 475 341 41 851 96 310 605 152 79 201 107 687 276 679 349 754 287 237 220 412 592 474 665 731 596 628 536 227 832 113 245 27 106 83 448 493 177 385 770 331 698 278 74 811 781 653 544 369 516 211 84 822 691 347 725 351 541 193 871 707 81 451 24 117 286 815 809 713 133 294 619 43 573 447 524 500 354 238 717 440 692 847 850 616 336 789 727 617 288 709 224 207 173 399 261 735 37 293 60 467 209 410 860 345 346 697 149 499 114 49 445 767 572 424 771 739 68 365 112 297 389 102 823 316 348 675 292 52 622 12 705 495 730 506 808 143 507 449 396 190 415 4 113 768 145 718 595 842 300 481 218 844 564 464 402 765 338 612 521 277 108 836 610 817 813 514 160 558 853 90 649 796 744 826 752 489 162 61 395 304 167 555 472 613 418 350 280 284 532 671 100 66 831 25 413 680 406 427 795 718 251 715 14 250 566 699 858 729 263 408 65 734 176 131 827 85 205 387 375 306 11 862 80 668 456 38 568 856 377 791 253 749 362 804 784 202 324 780 419 314 651 352 487 504 769 17 667 786 515 86 196 479 130 462 576 639 693 422 126 273 512 208 366 723 115 57 417 329 470 280 716 664 627 803 236 522 818 40 636 32 834 139 517 810 414 26 738 625 773 849 144 757 371 156 163 650 533 252 863 598 372 119 589 611 540 403 179 469 549 551 645 109 582 642 184 54 530 553 782 597 575 266 638 150 16 359 404 76 543 367 78 745 429 382 436 630 301 24 309 420 231 825 125 342 751 486 776 69 204 392 400 465 185 518 764 657 275 590 307 728 750 134 519 135 50 356 666 165 101 72 216 5 166 228 93 158 203 398 523 800 242 529 509 168 317 647 299 244 855 31 583 846 545 833 319 670 439 191 719 394 841 29 431 816 226 379 53 520 229 584 673 290 640 332 488 689 206 312 19 148 267 222 340 756 585 13 373 819 363 814 197 801 147 661 586 564 525 663 779 281 867 703 701 339 510 722 607 447 538 393 556 298 593 455 463 634 123 71 274 683 676 432 674 45 59 302 295 305 334 485 407 623 830
10
2 5 9 8 7 7 9 9 2 8
1000
770 814 134 421 15 968 8 7 351 124 598 214 709 614 5 927 159 30 880 866 540 241 103 427 838 759 261 786 94 952 220 640 905 636 358 329 471 136 244 496 846 663 618 995 728 583 69 614 86 245 421 291 971 832 174 733 228 996 415 160 246 321 713 152 391 179 230 774 47 165 324 881 740 859 511 479 126 680 984 19 953 320 828 291 791 49 653 422 993 190 193 742 317 1 540 186 639 281 237 271 918 738 23 890 560 639 778 279 861 983 198 270 910 374 878 899 130 552 726 694 373 638 424 922 422 746 278 963 617 536 205 430 130 3 997 38 445 767 853 166 209 891 465 534 153 295 30 193 178 858 330 287 145 673 978 238 473 419 17 60 394 34 336 886 762 140 967 902 284 743 53 576 841 186 934 196 451 702 66 888 689 928 725 847 277 213 217 385 587 90 860 863 758 127 610 176 904 111 224 96 345 669 839 576 131 980 484 282 141 18 955 951 693 12 637 386 187 715 698 127 70 654 53 332 507 867 224 541 70 67 341 417 137 579 34 542 99 718 840 749 773 622 810 370 50 61 383 331 199 344 821 89 11 89 923 771 598 344 229 343 27 24 598 829 502 946 883 526 425 158 48 563 812 641 387 239 185 456 108 540 921 1000 199 346 369 970 573 880 621 83 678 808 222 828 146 444 639 952 39 642 888 929 639 453 568 952 973 824 546 800 339 991 921 614 573 892 93 458 686 82 62 376 177 71 367 368 393 720 661 970 248 899 849 39 454 163 933 527 311 274 231 779 260 524 234 167 559 476 652 658 9 514 591 825 413 357 801 35 597 979 413 91 775 862 350 700 325 326 285 524 685 966 121 942 645 322 169 493 710 470 566 512 247 842 188 216 275 133 447 581 65 761 362 161 465 407 802 662 833 257 558 586 574 603 674 796 201 116 702 459 579 687 689 515 59 478 232 945 733 409 452 194 964 123 269 255 206 752 68 132 294 886 707 75 939 884 91 21 204 706 550 755 712 296 301 489 389 696 806 688 933 921 304 431 232 758 735 318 410 941 532 999 548 681 435 357 721 834 627 966 271 164 157 785 143 348 206 659 76 701 936 396 259 207 765 501 715 760 446 407 624 303 378 241 595 40 426 545 990 748 486 265 208 913 580 939 355 710 535 656 262 382 661 258 414 753 202 193 525 710 374 507 651 825 519 268 338 178 95 789 930 461 518 144 509 933 882 224 809 521 790 236 790 524 714 309 682 568 133 441 495 118 706 599 988 857 372 401 347 105 997 522 272 584 675 381 942 1000 754 816 671 692 714 403 904 504 950 547 759 505 390 575 46 564 602 402 189 630 34 788 353 643 993 851 933 14 359 329 554 345 270 439 404 981 511 393 313 935 553 965 777 413 18 274 412 914 129 43 124 994 256 242 625 491 623 949 469 825 987 130 276 717 906 736 826 933 215 122 436 32 793 300 592 691 133 975 273 976 853 360 523 349 64 533 506 510 612 576 528 982 222 398 42 677 827 972 758 969 628 619 571 158 154 405 565 917 664 511 925 78 464 202 783 768 371 319 253 450 89 201 644 572 557 120 746 448 757 219 850 366 480 416 804 985 256 468 433 346 13 914 830 443 63 503 355 409 380 57 340 328 467 792 465 943 124 119 276 45 822 856 756 716 370 520 457 30 471 102 776 73 228 92 170 954 703 266 895 718 240 64 407 428 516 569 442 781 697 335 714 488 864 429 759 795 485 835 138 684 813 84 278 609 379 901 363 739 611 107 24 477 843 541 306 857 474 28 961 649 286 647 85 722 465 112 764 406 727 84 556 310 555 397 641 904 870 449 273 292 539 243 365 116 769 2 220 570 915 280 926 974 251 547 436 416 330 635 665 180 264 711 468 54 399 923 766 907 844 25 203 33 173 384 898 837 873 41 184 926 333 699 594 854 224 912 135 730 345 150 74 191 454 364 192 315 172 20 226 361 520 805 495 689 845 606 872 909 466 115 641 641 72 537 267 854 834 490 914 797 869 104 142 316 361 497 747 95 518 407 521 615 934 168 218 178 588 633 836 109 183 113 147 536 156 545 817 578 676 101 250 436 80 98 257 904 679 37 16 182 302 531 270 650 702 595 608 481 716 877 911 705 460 330 724 139 418 557 606 857 957 513 212 282 81 744 211 549 177 965 614 167 787 716 128 423 717 393 880 6 668 854 741 666 307 820 646 648 465 155 323 75 604 660 110 79 704 282 629 106 280 499 312 229 470 620 44 58 135 167 462 400
873
582 519 642 822 43 523 532 272 87 520 470 9 653 497 370 544 278 727 146 482 358 5 557 514 827 821 133 282 406 336 823 626 222 733 706 703 594 805 97 439 376 243 349 530 559 486 807 483 742 434 61 132 782 82 383 551 250 328 871 245 781 701 296 373 197 755 669 83 664 816 842 284 175 627 837 240 518 722 856 419 228 295 775 181 186 476 690 5 845 581 745 330 448 754 776 853 165 633 346 683 529 533 668 444 592 35 624 552 467 188 605 831 548 182 522 818 499 29 187 862 774 204 767 142 340 490 763 364 484 587 96 835 141 847 713 91 385 687 515 125 414 824 396 783 238 271 158 183 256 183 632 509 85 500 95 344 728 206 203 796 122 848 73 119 750 788 137 253 646 670 212 720 56 729 711 279 317 460 389 864 202 303 163 620 546 199 802 423 517 221 410 828 421 335 663 870 808 525 684 10 251 481 485 504 128 868 400 564 436 761 76 489 217 522 495 598 310 468 28 16 452 792 307 90 675 834 283 531 738 369 137 867 242 382 308 517 196 682 656 169 136 542 613 572 117 18 219 288 846 37 625 189 94 700 247 66 741 354 435 554 70 350 12 607 456 320 215 566 332 318 305 789 568 765 225 583 405 270 719 607 631 488 213 670 289 403 472 692 524 315 316 665 277 6 769 111 578 323 331 388 623 327 777 78 412 740 790 38 550 465 92 461 155 800 696 319 3 780 673 246 342 59 778 194 441 730 231 211 760 536 597 704 254 386 297 205 473 144 616 309 415 130 20 707 723 618 710 762 469 157 15 290 314 648 39 534 759 737 60 602 258 681 164 731 571 595 757 431 487 31 140 661 610 104 854 262 333 629 501 22 399 798 567 351 81 162 677 143 612 263 113 261 619 252 725 743 378 817 650 457 200 395 300 588 216 658 118 302 294 521 235 643 121 7 660 269 671 131 555 437 685 80 47 348 339 464 474 852 89 545 365 705 676 744 747 384 672 772 872 357 84 647 751 404 861 392 634 126 575 8 430 398 426 563 451 540 267 758 236 799 697 49 115 343 801 678 455 54 420 641 266 255 839 527 127 168 113 770 356 804 67 58 869 298 311 771 614 461 553 312 115 447 574 148 51 639 193 865 190 229 630 57 715 232 326 721 748 453 513 401 36 735 478 286 32 40 189 651 209 99 324 374 329 507 688 600 714 590 739 691 794 538 153 836 609 859 662 541 402 860 617 159 432 702 480 526 124 390 679 285 659 579 830 172 649 275 863 138 655 256 176 752 428 201 477 694 208 695 281 560 391 820 101 325 334 380 604 674 810 756 341 736 528 257 645 52 512 381 764 170 171 438 264 265 793 359 560 23 717 145 33 397 858 64 603 264 773 466 408 734 666 686 325 173 148 147 69 234 815 797 584 337 732 726 608 611 268 103 570 725 353 535 123 843 857 812 462 301 174 450 129 191 366 362 21 166 698 14 708 106 638 231 135 589 75 110 458 628 372 248 377 227 416 580 71 218 109 494 440 1 230 543 463 379 306 657 841 746 806 273 833 24 338 207 492 425 813 214 418 48 445 591 287 259 347 185 239 446 622 112 565 2 548 547 195 851 210 849 27 749 838 241 88 561 829 198 424 160 870 577 291 510 601 184 747 304 280 539 361 596 393 293 299 105 237 866 573 613 107 223 508 615 593 116 394 304 260 345 549 479 803 78 154 843 134 72 41 360 363 712 556 427 637 180 585 367 93 25 832 844 149 766 313 120 312 352 654 716 34 779 88 13 108 635 355 840 850 249 795 30 220 855 407 371 46 826 640 274 599 787 387 244 699 506 152 292 636 11 151 491 814 139 50 224 179 98 562 74 809 449 576 114 606 825 53 100 409 819 471 321 811 68 226 498 511 44 62 429 475 652 276 493 205 753 19 170 4 42 79 45 718 55 192 724 786 459 644 503 368 586 167 433 150 17 26 621 693 322 569 112 86 422 161
995
62 82 593 37 367 933 744 806 648 963 935 153 401 476 906 392 530 449 452 496 329 351 61 478 307 786 594 300 803 891 456 204 929 42 955 373 835 703 109 857 969 550 385 810 148 767 333 52 178 940 692 48 7 313 391 548 155 95 435 890 976 119 498 267 234 570 467 762 745 673 191 650 358 925 275 356 975 154 394 675 257 927 972 606 432 503 418 638 923 790 696 543 35 262 771 329 649 359 299 282 333 569 639 816 753 538 48 129 11 939 601 256 346 71 715 958 695 443 580 198 376 656 296 375 276 770 69 310 108 685 50 237 139 841 900 349 130 136 625 314 428 319 890 209 683 502 421 97 159 822 60 425 750 371 145 724 864 844 389 896 686 522 158 434 698 252 563 723 286 270 363 937 626 519 883 126 743 529 236 303 807 192 439 451 909 983 884 128 635 227 671 533 593 537 907 991 753 573 344 585 853 157 208 812 803 691 575 669 460 222 447 55 3 544 525 459 500 879 977 609 886 143 693 400 701 798 877 85 430 683 604 811 760 448 488 861 195 965 723 943 331 246 948 409 281 330 642 549 748 589 43 754 27 892 947 193 712 816 577 88 531 72 152 219 170 849 736 891 366 78 332 173 734 459 717 464 164 905 381 430 484 526 591 545 360 531 646 806 209 40 384 211 665 949 533 302 223 723 959 357 140 113 954 313 728 562 431 830 697 413 747 84 304 540 746 25 948 887 703 175 825 53 52 563 947 133 274 857 218 647 251 609 820 809 18 199 615 45 985 539 377 988 968 584 751 163 402 835 103 929 115 237 4 626 900 555 836 906 817 471 116 526 968 397 176 477 239 453 680 373 137 374 36 151 568 174 395 63 447 450 375 200 844 12 354 189 302 780 65 889 202 922 179 631 599 27 357 441 215 488 273 61 925 507 725 605 405 818 120 284 572 992 441 74 406 953 732 492 424 676 869 623 962 419 107 335 779 672 44 470 446 511 403 772 582 863 747 719 726 701 413 553 451 674 152 630 785 970 54 291 443 542 253 783 854 301 70 390 612 142 423 261 25 176 328 341 353 239 527 536 666 944 583 264 840 579 952 842 424 664 32 915 709 718 792 700 148 961 366 765 313 733 567 41 541 561 918 552 170 495 716 302 67 501 531 508 369 963 875 493 457 277 479 84 81 233 392 814 263 765 784 884 960 957 804 463 476 574 854 77 627 558 589 59 750 678 989 721 828 259 495 172 823 524 831 755 777 217 196 469 928 182 212 37 386 276 951 622 512 505 496 506 863 943 308 619 248 318 714 613 791 101 846 528 309 38 382 995 283 838 639 188 720 29 881 497 447 476 94 370 930 598 851 317 93 810 132 513 41 9 422 941 5 728 350 340 602 866 742 486 117 675 570 317 758 507 767 590 51 532 777 722 945 34 556 523 660 401 274 873 419 826 97 1 662 559 722 779 571 39 38 966 747 333 967 83 919 831 24 241 874 48 979 895 232 474 267 651 496 653 372 624 885 707 938 833 223 143 970 663 166 156 480 135 80 876 793 221 556 285 822 896 791 93 882 146 574 107 183 75 621 827 908 826 845 910 420 181 850 681 453 816 832 749 986 775 36 215 611 326 264 921 59 691 363 634 501 636 31 410 91 266 64 475 868 601 629 224 760 705 708 374 227 677 738 949 464 406 618 443 8 275 337 888 304 757 561 698 429 210 546 769 776 620 159 167 528 731 406 185 214 566 39 278 911 974 819 342 187 297 586 610 968 21 645 293 951 462 706 865 317 327 631 398 120 670 570 904 790 383 683 414 768 486 411 921 381 91 643 472 904 106 129 393 58 336 454 521 841 127 6 994 892 465 290 289 729 926 184 76 479 764 88 180 177 656 405 689 375 442 496 687 92 358 787 108 112 628 110 499 655 26 361 158 852 52 162 923 730 735 740 408 19 335 768 790 328 787 733 2 493 61 141 995 404 780 858 509 923 837 580 151 312 883 414 847 56 917 608 565 774 438 984 444 271 805 815 914 761 143 357 327 490 720 44 138 55 914 875 245 860 358 639 699 483 910 973 980 756 906 412 426 985 73 416 515 541 207 929 416 238 862 617 161 352 825 799 466 350 684 176 98 68 73 80 27 647 194 672 105 938 338 254 710 47 713 802 981 736 966 398 361 732 30 458 819 942 294 689 229 814 225 789 473 247 334 423 155 613 448 593 39 800 114 880 618 878 113 203 974 17 654 993 598 603 932 320 131 63 398 515 100 708 315 893
50
22 36 18 13 1 41 31 25 13 8 47 25 10 3 27 47 19 46 26 34 45 10 26 13 47 9 23 23 47 42 45 21 6 36 5 2 47 20 45 23 9 50 38 14 39 25 43 50 6 16
100
18 15 28 58 97 70 4 6 68 63 19 48 45 89 36 51 34 21 11 26 18 59 19 7 72 20 10 52 48 97 8 30 56 17 26 41 31 21 35 69 36 37 21 13 11 90 35 93 41 64 58 64 67 95 46 11 67 4 76 8 26 30 16 52 95 93 36 61 77 6 95 1 94 89 26 22 69 13 20 69 72 49 54 70 76 77 99 69 74 46 58 41 5 73 83 19 30 86 1 74
20
12 20 13 11 20 3 20 4 2 13 15 19 7 6 6 8 11 11 13 7
320
256 198 78 281 67 281 155 178 174 135 102 45 239 277 114 287 269 265 191 5 311 95 199 248 14 259 206 31 50 191 50 142 303 98 184 233 103 235 112 79 88 252 268 181 248 62 157 21 245 216 58 146 201 106 84 105 279 125 273 287 284 81 84 193 75 237 66 313 194 281 161 56 109 278 121 200 64 59 270 73 200 252 53 39 23 216 54 195 230 187 191 286 196 19 301 297 89 93 231 197 257 192 6 145 119 230 218 300 172 320 13 204 18 172 128 259 200 191 263 67 298 307 282 14 212 285 178 256 38 113 85 104 95 86 165 261 20 21 160 173 20 243 28 310 240 171 222 79 176 142 274 8 99 163 156 194 253 25 118 306 143 37 234 100 43 167 131 72 318 304 129 166 98 175 65 262 260 213 198 123 226 210 211 53 51 217 68 249 27 316 219 106 41 7 185 1 225 286 190 64 183 292 2 285 17 22 239 6 171 177 266 147 223 231 229 181 173 213 251 303 220 138 291 157 57 305 205 189 225 294 186 180 151 209 33 150 96 189 55 49 189 228 250 26 107 315 22 10 182 101 280 18 236 23 306 90 293 37 32 198 94 74 296 233 227 3 195 252 302 169 102 178 143 149 232 204 320 136 255 270 9 214 168 275 154 80 304 170 207 19 283 141 242 16 90 132 271 319 110 272 224 299 111 202 35 258 31 131 38 123 46 188 284 29 49 249 246 233 229 12
100
75 51 98 42 33 90 46 47 67 3 28 71 41 87 84 14 37 80 54 5 1 74 58 88 43 2 34 50 68 25 72 82 55 36 96 94 99 17 27 20 13 86 15 97 64 83 19 18 13 59 89 78 45 9 35 81 63 32 6 92 39 21 49 60 69 7 73 30 85 57 95 79 11 100 12 10 91 29 65 52 38 41 76 61 24 56 62 8 66 23 26 70 22 40 77 4 93 31 44 53
10
2 8 1 3 8 10 6 6 5 7
53
15 32 47 25 39 26 28 6 40 23 34 37 1 19 32 7 20 22 31 9 33 3 18 38 48 43 2 9 10 41 13 47 14 46 12 45 30 36 17 42 52 20 50 16 11 34 27 53 51 5 29 46 44
10
8 5 7 10 1 4 10 5 2 2
20
13 17 19 14 20 16 15 9 1 17 14 10 7 7 11 18 6 17 5 16
3
3 1 1
873
82 668 250 225 631 793 509 164 608 98 365 786 746 388 281 125 491 143 751 779 57 243 585 666 642 262 758 715 583 602 409 468 464 287 692 476 446 403 114 580 389 21 460 761 750 804 610 368 425 190 26 724 298 733 609 358 680 520 650 83 338 155 294 85 826 828 466 395 420 399 662 844 731 320 239 447 307 295 156 474 485 443 325 334 644 725 601 862 607 50 72 820 785 217 202 193 9 410 234 47 687 153 807 744 113 552 326 502 196 218 719 849 830 586 68 614 400 255 846 94 185 645 265 213 851 240 686 706 711 138 363 538 872 20 759 688 790 484 683 430 344 64 226 556 842 191 46 351 146 24 222 135 819 546 134 588 402 194 56 843 742 237 571 543 381 449 100 249 377 200 161 834 54 152 803 40 124 257 329 736 557 672 701 53 432 241 527 62 144 794 730 754 290 158 34 508 624 651 232 462 630 564 364 695 33 361 771 484 15 833 444 357 174 311 442 680 626 467 411 29 414 192 323 92 698 547 178 45 366 181 554 488 544 132 594 760 501 373 473 506 454 376 649 640 808 259 499 612 97 425 292 297 39 126 784 6 160 777 549 743 194 166 105 306 778 108 477 346 304 70 347 284 453 43 227 696 5 44 566 791 511 525 370 858 721 264 79 700 250 437 503 16 472 516 773 168 560 606 147 198 375 509 822 551 513 568 422 341 655 349 129 11 95 592 657 755 621 646 18 745 710 741 116 32 458 223 258 802 186 362 173 103 93 426 408 868 107 429 860 515 396 333 397 841 521 220 633 569 627 703 177 496 170 270 423 734 150 305 747 555 110 318 658 576 303 702 865 247 275 404 413 208 167 115 563 817 618 580 584 641 283 19 162 84 279 424 690 331 88 729 685 523 142 689 315 530 536 740 553 302 384 533 840 206 406 691 852 648 372 371 131 854 299 800 616 665 604 300 598 774 394 285 308 604 439 8 470 718 577 678 266 119 254 704 861 176 717 158 565 765 332 617 674 713 122 490 637 137 519 540 276 451 69 573 60 738 41 663 857 512 206 210 38 401 871 345 157 727 380 336 757 415 763 385 35 353 797 546 330 735 319 378 787 532 613 596 767 455 163 261 145 55 567 201 352 96 267 159 317 417 643 531 235 656 532 831 469 782 286 140 121 693 597 812 724 277 838 12 837 811 28 154 868 288 7 753 416 809 479 647 189 681 350 847 361 598 639 561 801 215 229 335 504 435 522 228 73 579 106 242 1 66 661 498 697 505 590 456 815 219 495 739 478 260 123 716 535 780 671 850 477 102 382 638 712 48 806 483 274 628 559 238 795 475 593 74 749 781 720 550 355 452 471 316 537 623 188 600 570 558 788 2 465 705 379 42 236 309 272 342 17 214 252 632 117 625 221 104 322 25 91 263 87 541 675 392 605 224 660 271 328 654 405 282 575 246 653 78 798 694 428 677 313 386 482 518 348 273 726 708 427 31 676 86 391 412 434 139 27 685 634 51 438 245 864 204 867 109 486 130 770 748 52 23 775 175 120 4 268 116 339 251 71 707 147 615 772 58 457 440 336 360 635 3 489 869 545 792 111 343 481 89 526 141 756 398 611 407 667 459 337 856 848 289 393 327 493 816 209 149 183 148 679 82 517 118 445 207 441 431 839 127 172 629 199 866 818 813 419 154 81 324 783 492 387 63 383 367 582 136 418 14 253 433 528 863 77 728 769 587 67 203 480 419 165 301 591 673 61 514 870 248 461 539 562 321 714 421 49 622 212 448 497 296 417 184 829 821 378 269 314 853 59 572 340 636 507 487 179 463 37 574 354 595 589 7 723 764 369 837 211 356 823 682 216 36 659 128 832 548 670 571 776 789 859 101 752 732 280 76 737 845 187 524 836 182 544 230 768 669 766 824 810 436 10 244 80 310 180 133 684 664 709 500 30 171 603 652 233 450 619 534 197 312 293 494 112 510 825 581 256 873 620
10
10 6 6 7 8 10 1 1 1 7
100
99 60 73 41 44 85 77 82 19 62 83 92 98 18 88 97 30 59 33 8 93 52 51 46 57 58 53 67 22 86 34 87 10 55 13 64 90 35 5 80 56 16 38 78 20 71 68 9 72 70 17 40 11 75 69 50 7 93 76 15 43 29 66 74 63 39 36 94 2 95 61 28 47 26 12 49 81 23 91 4 32 54 84 100 14 6 65 27 48 96 1 89 21 31 42 3 37 79 45 25
200
47 69 37 30 104 30 25 194 106 45 180 178 41 152 65 143 158 107 105 111 25 94 30 184 178 41 199 132 166 81 80 123 35 106 71 75 157 59 45 113 198 93 175 146 13 123 115 95 2 84 28 113 197 181 40 189 37 136 119 94 44 176 21 83 179 68 163 20 149 79 62 29 107 171 52 116 152 92 12 151 112 200 16 47 7 92 163 17 38 48 194 191 163 171 120 136 144 139 46 19 7 199 63 86 185 37 22 178 167 12 101 163 192 117 37 78 73 16 157 8 141 32 160 5 116 129 99 35 166 200 199 167 88 2 61 15 29 29 25 166 172 101 129 156 78 40 6 129 110 123 166 7 117 109 100 194 66 4 142 166 172 1 148 85 101 198 194 151 163 95 41 173 158 8 131 100 24 92 162 59 71 35 46 92 191 172 48 142 200 151 180 197 105 188 138 96 175 139 189 107
572
351 184 557 449 520 430 421 171 301 561 568 77 99 381 436 173 531 519 365 547 189 90 63 271 537 327 523 299 197 29 12 17 437 515 234 457 266 61 26 410 70 361 38 513 473 208 225 76 45 525 229 275 110 53 226 161 334 369 92 320 11 73 221 278 126 213 183 379 459 542 102 150 86 385 426 272 244 286 93 458 245 428 350 393 550 321 406 259 20 130 125 236 282 423 81 137 260 500 249 71 196 331 454 460 128 354 446 257 452 235 34 212 538 131 468 553 172 548 330 240 174 387 422 325 24 187 72 403 326 507 308 442 28 495 522 488 322 147 556 530 36 256 348 186 117 288 349 261 21 202 408 394 42 344 32 339 267 194 206 329 82 191 535 100 353 109 544 494 324 493 113 216 370 481 162 506 310 205 431 333 543 138 377 565 192 204 300 265 541 456 115 402 390 289 80 136 276 258 445 566 175 255 343 144 356 482 285 536 31 185 159 277 107 357 337 145 66 409 262 269 264 181 302 303 41 450 316 366 395 2 514 243 44 427 140 425 505 75 386 239 564 555 232 209 440 79 486 521 304 78 518 317 120 222 435 154 50 198 39 97 148 309 338 170 487 224 291 570 246 429 503 463 571 340 415 434 146 30 139 55 103 336 87 418 290 250 441 169 501 539 211 388 195 242 69 297 466 439 133 472 151 155 37 13 54 223 94 335 127 404 95 104 96 455 532 382 559 313 295 134 238 237 407 167 534 10 461 569 451 89 499 372 180 57 491 168 215 517 156 248 135 8 504 118 490 509 88 143 307 551 227 526 311 106 287 166 527 502 545 498 153 163 132 49 273 228 176 512 375 347 177 43 412 417 529 414 496 396 398 378 14 281 492 22 560 15 405 149 60 323 540 253 391 363 528 380 469 480 165 364 279 199 40 563 510 119 193 413 179 453 58 129 9 116 247 231 284 218 124 558 27 342 572 68 474 62 200 123 111 397 374 359 389 85 444 392 4 230 419 51 508 416 489 376 210 483 552 368 6 101 546 105 178 98 16 83 141 318 59 524 314 332 48 443 241 296 328 268 346 5 270 65 400 319 549 47 1 164 306 424 274 157 217 562 190 476 121 448 371 352 114 67 511 220 433 383 470 280 478 420 432 471 91 462 293 533 384 467 33 122 252 360 84 485 358 484 263 7 362 315 188 201 312 251 108 3 214 399 411 305 479 497 516 298 35 46 142 56 447 233 294 52 254 112 158 160 554 25 475 64 152 207 567 283 292 401 345 477 23 74 373 367 464 465 438 18 203 219 355 341 19 182
1000
620 412 334 239 841 70 927 873 700 83 977 668 272 972 346 962 266 331 395 105 394 86 645 861 125 735 377 699 133 445 87 846 589 640 914 794 455 259 718 414 546 152 943 92 198 660 46 88 233 104 175 187 602 884 636 570 897 356 623 516 937 248 398 747 955 849 353 504 832 6 580 416 350 210 118 427 848 941 467 1000 65 127 10 590 126 22 31 666 925 812 343 44 731 190 263 322 806 146 162 959 209 625 130 588 808 928 768 968 338 264 418 295 754 559 121 268 211 75 277 724 421 712 341 139 25 160 82 803 795 103 386 894 308 165 164 865 365 773 826 166 761 539 494 877 245 98 574 231 279 520 333 42 184 459 942 907 186 161 659 883 256 778 725 135 134 140 260 552 864 405 291 709 604 364 328 2 564 35 705 378 811 519 518 349 957 951 579 886 527 446 784 221 493 441 94 601 323 45 503 571 763 692 867 549 229 497 750 598 768 748 117 185 236 703 339 671 835 176 81 964 192 767 315 854 635 657 404 487 856 543 148 609 64 821 490 900 382 517 526 255 485 478 815 966 145 679 793 62 702 751 969 435 881 547 131 935 489 953 38 167 566 661 95 54 304 17 979 116 779 491 29 13 585 428 944 473 119 638 843 568 816 817 425 896 752 232 994 431 500 313 171 586 532 544 112 922 924 524 582 373 791 996 456 265 330 596 432 510 732 919 621 110 7 408 223 324 453 615 297 719 687 96 197 316 99 372 23 828 486 305 18 774 151 3 616 753 340 109 215 337 123 433 91 888 822 15 472 971 642 73 830 990 67 630 652 875 550 484 226 475 573 965 656 940 137 594 913 643 834 895 506 326 759 836 150 488 27 180 426 483 495 66 384 383 312 855 230 780 257 33 242 637 950 788 37 770 813 288 736 917 837 290 904 218 511 986 348 129 361 704 653 482 890 40 600 72 946 111 196 380 693 995 476 58 282 100 76 274 578 807 228 307 342 824 252 513 20 973 60 956 194 923 292 800 30 674 443 606 599 521 556 707 447 628 5 949 766 379 154 523 319 838 991 515 217 729 79 936 462 122 911 347 276 869 360 413 492 78 910 933 958 286 391 358 608 9 872 376 437 235 270 477 193 723 381 63 206 786 764 289 622 902 199 68 553 371 879 963 627 480 749 948 509 51 464 696 238 183 52 317 558 887 460 298 605 512 189 733 651 502 967 293 101 213 647 858 359 534 142 624 53 804 458 294 612 389 650 809 204 498 999 168 831 798 561 451 654 440 114 892 555 783 216 177 980 797 327 280 309 56 982 852 820 147 19 926 149 429 785 71 540 978 597 439 273 839 385 538 352 84 424 882 610 466 842 698 583 208 449 415 69 301 409 173 525 448 691 678 178 593 726 545 469 734 318 335 987 465 205 85 311 501 554 300 12 655 249 454 143 739 567 136 708 985 225 55 392 278 975 34 677 930 368 901 918 970 535 438 531 314 529 355 411 557 626 363 560 871 159 89 744 805 153 375 819 303 912 903 898 746 262 792 920 899 921 947 641 470 530 997 844 444 634 8 850 728 321 357 354 866 790 202 740 575 715 32 878 989 28 115 934 721 214 195 992 802 452 633 172 102 915 569 893 760 587 988 974 39 320 387 814 43 450 120 163 611 261 686 984 329 93 591 528 614 26 399 782 993 219 366 775 743 684 419 306 670 711 436 461 565 250 285 757 113 833 284 688 905 639 714 141 960 201 499 742 457 857 107 796 396 158 954 874 332 741 420 403 227 157 388 107 156 4 212 998 267 916 825 584 631 853 672 271 36 756 769 961 188 138 390 258 727 128 649 662 97 430 336 548 237 181 90 397 207 243 281 771 618 665 810 234 345 931 434 613 191 909 533 840 351 870 952 755 369 563 374 401 200 21 664 61 595 981 681 1 720 74 77 781 685 889 423 801 224 222 722 537 536 299 929 24 514 945 169 246 690 203 891 603 629 658 710 706 607 283 367 496 697 507 906 253 648 505 241 976 402 522 344 851 938 868 799 541 132 370 694 57 669 787 247 174 410 48 730 758 880 689 862 827 632 471 667 776 829 474 269 400 170 310 673 562 296 442 254 695 576 983 577 860 41 823 939 682 701 745 468 49 106 932 818 908 155 683 275 619 417 676 765 777 393 859 325 542 772 59 50 479 481 240 762 124 16 508 220 362 244 847 108 251 646 592 14 845 717 716 885 11 572 179 789 713 737 863 182 47 406 617 144 663 675 463 876 738 287 422 302 680 644 551 80
53
50 27 45 43 44 23 16 13 29 39 41 14 41 6 12 31 32 19 28 5 1 25 17 18 16 25 47 22 3 10 26 7 2 20 30 9 46 11 38 36 48 35 47 4 49 33 43 8 51 24 48 42 34
500
498 211 472 250 418 321 26 252 435 491 471 223 207 347 71 69 363 217 332 411 174 498 256 165 315 295 141 18 156 306 307 486 424 402 310 359 219 108 338 488 115 329 419 449 250 428 377 6 31 420 298 134 70 326 151 433 446 463 453 128 362 16 194 14 477 497 241 142 407 62 439 326 368 469 42 435 417 110 487 121 86 65 460 391 319 214 426 403 101 423 242 97 406 74 89 252 433 130 132 11 341 321 147 82 178 62 124 86 231 117 49 396 489 450 99 313 31 423 21 138 170 493 222 279 499 235 47 283 427 303 24 493 204 236 412 425 222 216 472 240 177 43 315 10 140 94 312 419 211 170 414 269 385 413 73 372 451 279 478 1 260 50 98 489 94 197 456 316 193 235 69 102 323 144 442 333 447 77 298 113 457 5 310 448 137 357 66 306 256 404 136 443 94 214 384 254 416 426 387 500 429 491 223 459 83 246 113 132 90 333 382 59 135 78 9 64 187 92 8 40 53 279 37 233 28 415 55 107 252 343 441 431 436 101 148 293 169 500 258 262 450 173 491 313 309 11 446 301 220 258 476 346 141 274 455 384 279 252 394 334 59 375 149 489 474 243 90 480 290 475 106 318 20 424 389 479 397 126 443 328 416 377 448 208 225 447 242 113 429 301 29 128 314 38 350 22 189 287 376 108 35 361 75 328 403 88 170 138 369 189 51 112 331 285 85 431 299 272 463 120 213 474 349 340 416 268 235 452 470 294 95 55 284 52 136 327 78 428 246 377 153 97 364 162 394 60 26 23 215 54 124 235 209 22 452 2 277 416 492 157 392 273 102 102 433 121 63 410 402 280 152 106 368 398 261 379 464 179 244 273 155 246 244 481 227 138 182 304 405 245 362 98 136 170 8 4 154 36 66 492 336 422 299 119 261 185 338 27 308 13 44 440 370 104 360 296 48 156 30 31 23 311 249 84 316 73 398 381 194 233 349 139 333 162 357 330 156 197 139 406 300 276 140 322 149 205 218 143 442 495 472 79 415 425 146 358 53 184 9 138 106 72 190 185 90 130 82 146 490 196 52 130 20 409 172 358 353 205 105 483 445 473 103 455 60 236 387 430 390 421 251 371 129 449 114 215 253 474 465 112
10
3 4 2 3 7 9 4 2 8 1
1000
656 488 946 734 654 909 637 429 764 290 962 651 162 158 934 728 38 947 634 690 897 82 680 523 561 132 884 522 675 492 881 42 720 719 299 301 271 763 29 391 417 485 664 227 231 510 198 223 731 202 902 466 452 384 612 732 378 778 742 252 721 822 118 221 121 657 155 833 115 766 364 625 709 533 104 249 313 702 518 817 212 866 601 338 683 477 50 865 988 462 599 351 464 604 517 875 777 238 511 284 483 926 74 648 390 131 256 114 579 639 412 262 594 727 461 11 422 279 260 570 624 295 633 153 413 541 471 956 204 27 623 745 360 278 836 128 867 820 647 757 305 632 448 175 581 853 367 714 129 318 943 628 472 77 424 614 838 276 794 189 317 788 287 369 695 538 929 622 356 585 75 562 916 347 852 330 374 735 145 289 274 80 506 392 342 130 631 296 981 120 445 368 895 110 498 122 455 693 45 76 409 72 672 467 293 958 942 790 854 18 90 906 733 258 216 499 791 925 117 844 408 531 199 848 899 389 578 603 842 966 950 440 173 936 166 704 398 621 716 618 233 222 487 328 575 752 188 174 370 436 500 619 232 265 380 975 935 650 427 564 160 376 520 922 51 229 96 896 663 421 333 504 920 127 889 441 583 423 192 503 812 17 219 530 161 474 5 857 314 286 918 373 14 303 885 602 986 756 782 679 312 811 6 97 792 973 52 292 340 185 784 26 396 470 425 573 468 969 549 568 781 584 250 134 901 211 208 67 172 242 927 546 291 967 987 722 332 711 502 181 372 210 965 152 678 808 740 165 660 692 839 414 858 850 224 707 954 60 8 343 235 636 689 294 746 876 571 88 977 968 451 58 141 582 691 388 490 572 321 687 547 336 116 747 478 803 907 381 555 914 971 428 826 736 597 112 78 95 302 773 320 190 329 81 297 183 649 886 420 358 184 383 903 532 34 178 998 900 668 283 124 418 354 996 840 156 272 105 479 877 910 56 439 163 961 985 550 459 310 755 48 809 143 830 521 978 387 335 304 673 983 685 567 789 83 215 32 138 609 527 995 139 277 805 542 43 760 595 182 552 379 516 588 13 22 593 851 180 79 708 170 245 815 574 828 723 860 186 577 674 890 353 94 553 362 688 827 255 447 717 454 308 536 306 1000 481 106 357 2 371 659 980 913 31 434 213 989 529 361 214 548 587 855 912 1 871 713 894 681 592 179 891 540 453 862 879 410 261 537 12 543 718 458 863 144 825 496 404 957 525 591 762 280 753 53 437 905 893 765 706 974 133 98 21 590 864 915 282 544 285 3 151 399 400 251 931 870 655 142 797 10 66 785 841 350 157 218 869 715 759 787 883 24 626 686 323 843 783 512 964 845 748 534 739 670 955 635 738 217 993 824 438 743 7 770 246 205 337 563 700 339 749 419 846 666 47 28 501 209 491 394 111 203 402 489 359 729 397 754 698 334 65 607 677 315 113 627 102 831 234 322 919 662 495 275 847 298 469 240 159 264 580 761 859 653 101 832 629 37 331 444 406 86 795 940 786 509 882 933 807 608 193 433 20 257 91 99 979 524 61 750 85 319 972 109 125 526 150 758 486 137 177 482 268 694 70 463 802 646 798 164 270 744 363 87 206 823 810 168 992 596 19 613 917 23 176 355 793 554 49 244 46 953 281 288 147 226 140 375 33 40 868 767 446 243 605 366 327 837 949 493 407 705 539 237 984 741 311 780 829 191 247 661 630 382 775 606 959 259 200 187 643 35 475 551 991 225 640 834 195 457 154 726 508 411 565 443 341 92 230 676 560 712 108 645 146 696 615 724 149 997 813 617 620 999 939 658 557 932 435 806 779 611 100 59 69 556 266 432 71 484 4 684 771 349 558 941 346 951 385 254 545 54 300 944 460 600 710 982 426 938 431 703 365 220 730 874 9 430 442 253 610 994 239 751 641 450 878 774 326 62 44 697 480 801 456 892 473 64 167 911 415 945 589 682 796 194 494 856 642 923 904 701 514 821 416 273 196 872 928 449 960 73 497 963 171 800 908 566 671 316 39 638 737 248 652 89 952 976 665 725 804 769 197 201 921 880 207 669 123 403 269 386 990 930 169 119 93 352 263 135 228 513 519 107 377 345 559 835 887 776 395 598 888 63 41 15 898 948 535 307 819 148 241 267 667 36 772 236 344 569 505 25 528 393 30 576 16 476 699 57 873 814 816 126 616 507 465 937 799 768 644 401 515 68 136 324 405 348 103 970 924 55 309 849 818 84 861 325 586
1000
607 925 372 29 532 781 923 647 175 261 346 561 609 612 487 869 383 192 928 583 389 862 119 738 789 25 425 731 841 109 348 912 473 516 685 437 972 135 365 490 72 523 273 909 565 11 694 905 524 889 141 172 606 930 241 626 87 197 232 594 10 170 953 323 213 49 165 514 536 695 272 551 458 496 196 322 610 936 409 620 169 178 384 531 901 965 380 937 201 885 649 492 12 562 410 338 555 846 631 253 1 722 903 777 118 825 645 598 221 211 463 255 699 893 816 673 812 419 258 902 446 226 667 42 198 84 586 442 960 596 5 493 98 824 491 129 171 693 497 280 775 495 357 571 917 480 569 827 63 725 269 763 922 140 287 47 549 128 249 467 200 424 379 646 283 840 1000 451 837 640 337 407 80 267 521 190 954 115 919 933 340 332 354 429 806 585 908 849 883 769 16 363 773 958 852 370 997 247 41 19 291 581 328 927 396 749 294 403 122 507 787 618 770 431 956 533 312 216 36 757 501 59 117 377 961 823 411 399 85 278 199 228 364 484 53 75 126 153 326 751 973 90 173 899 809 252 633 719 359 511 449 111 622 848 264 759 856 881 508 367 875 454 628 256 559 361 486 465 335 13 139 697 343 40 836 761 747 20 208 434 615 833 32 865 962 33 479 381 342 700 522 783 292 895 69 74 942 696 692 183 619 913 386 204 369 592 890 470 776 489 110 753 897 233 678 599 245 157 713 188 850 627 981 206 686 934 683 93 371 797 313 537 650 505 347 639 181 782 303 940 820 160 863 800 638 310 834 786 416 251 275 793 941 282 231 46 762 611 78 100 65 828 472 101 715 711 427 994 223 527 414 560 977 707 68 105 740 127 96 547 205 17 423 829 319 671 578 368 147 703 202 964 634 166 689 408 879 857 534 584 772 830 356 421 736 209 142 556 125 82 818 839 955 304 851 858 136 163 943 570 892 712 680 482 58 557 676 573 756 210 6 246 26 844 723 530 760 279 906 402 512 663 916 932 838 582 831 545 265 540 799 358 915 704 982 983 996 791 635 430 352 558 494 826 674 250 654 952 349 616 948 152 968 306 307 544 28 34 743 341 148 9 281 318 405 112 509 579 146 642 453 745 260 314 15 813 872 339 440 988 971 259 730 519 481 344 418 506 220 455 229 898 66 842 580 177 184 44 236 929 744 301 864 767 296 382 71 54 143 230 603 882 219 701 333 186 670 513 734 271 248 764 132 203 525 876 843 999 375 185 868 151 717 675 815 600 795 539 21 950 289 637 625 412 88 137 462 234 176 436 832 244 910 774 475 597 778 330 428 476 665 471 150 538 801 808 959 104 24 95 27 187 709 499 529 792 698 957 595 355 504 144 268 641 564 107 811 334 648 4 61 993 847 967 886 780 724 921 681 577 979 966 161 60 814 951 605 45 99 469 623 819 86 400 741 23 939 445 38 664 395 526 8 164 242 541 435 679 103 224 946 947 286 904 877 413 880 290 896 316 77 180 515 574 726 705 702 243 974 735 138 617 315 89 14 350 212 765 593 804 563 293 254 257 149 985 621 552 302 123 351 651 2 295 67 327 944 771 945 918 752 217 991 601 238 193 298 447 466 276 433 50 535 779 97 980 878 218 18 754 708 70 108 976 688 567 277 432 873 325 461 987 666 156 94 566 444 938 502 39 7 308 998 195 102 845 710 394 657 510 822 154 798 305 353 376 720 727 624 520 285 79 817 894 867 855 992 317 677 926 51 457 456 133 227 207 225 320 106 417 935 116 860 542 237 655 450 35 30 931 64 378 120 284 179 986 550 189 614 924 660 604 92 488 222 732 266 572 474 114 658 891 56 309 159 739 182 392 452 636 299 43 393 485 978 439 477 503 483 360 441 568 807 766 270 588 214 718 784 311 691 737 388 262 949 672 55 124 48 854 656 911 669 963 543 134 528 662 821 630 438 589 755 796 22 969 336 554 460 887 802 168 733 995 240 37 746 859 690 297 76 422 158 517 629 459 321 390 387 191 684 553 632 643 391 989 907 167 374 750 687 420 835 3 587 794 397 91 758 121 300 215 548 785 682 721 57 874 866 81 500 970 591 803 613 900 385 331 716 790 162 546 31 518 73 194 861 468 113 362 805 652 914 653 448 145 714 329 274 443 871 602 884 174 768 975 415 575 742 235 263 748 984 729 130 920 398 706 888 239 668 404 345 498 52 406 608 990 155 83 373 426 288 659 62 788 324 478 131 464 576 590 728 870 810 644 401 661 853 366
200
134 18 120 200 111 12 69 44 179 93 194 6 112 166 9 36 198 181 143 153 75 133 97 122 164 55 55 36 51 103 165 163 140 199 136 109 56 153 117 106 73 169 167 31 139 9 115 61 200 66 96 50 197 12 93 77 42 190 8 82 163 94 69 18 172 42 151 7 171 151 191 22 161 80 28 75 194 115 187 17 13 113 55 54 191 193 172 135 96 133 181 173 136 74 174 71 151 113 145 145 119 97 168 117 103 104 27 36 58 67 100 39 19 133 128 10 30 105 144 12 198 135 6 146 101 2 7 79 164 46 155 34 84 114 154 160 56 106 176 59 3 5 52 9 27 121 153 17 55 87 97 173 43 62 122 15 61 91 12 171 102 168 104 159 124 26 194 70 159 68 56 123 87 56 78 152 115 37 17 65 135 19 180 108 1 140 147 165 52 41 156 42 112 167 118 190 104 121 45 105
200
62 10 125 196 181 120 34 38 45 40 178 7 67 22 199 92 48 175 18 73 79 16 65 32 83 62 136 185 82 59 107 58 187 10 1 60 140 2 29 45 44 161 32 157 149 172 199 195 6 197 43 94 186 164 176 104 129 180 70 114 144 190 53 147 155 163 69 89 182 12 73 127 54 139 194 14 188 167 144 192 105 159 51 31 112 102 95 134 19 41 138 78 106 141 189 150 111 48 131 43 63 170 61 42 87 147 133 124 168 56 107 91 174 98 186 110 183 153 99 1 90 175 103 117 37 113 133 52 154 96 84 47 118 137 66 151 39 13 148 30 75 67 65 177 66 189 68 136 188 3 11 129 50 60 185 93 97 20 119 181 139 4 130 85 51 149 173 190 100 49 156 88 33 181 110 129 76 108 186 46 15 121 165 113 184 66 81 158 23 72 178 131 114 101 162 103 156 1 102 57
53
40 41 50 9 23 33 12 31 1 1 35 53 38 3 16 43 24 15 37 52 49 6 45 2 42 10 14 7 17 34 47 46 48 27 36 39 4 22 19 26 10 18 20 51 32 50 29 21 43 46 5 16 25
10
4 4 1 5 7 1 6 6 8 4
320
278 34 85 118 307 279 81 93 28 297 72 95 19 134 319 24 238 85 43 104 252 56 292 219 1 301 232 70 312 258 60 37 65 137 298 113 66 184 205 242 229 22 69 169 240 122 282 167 247 169 211 229 245 279 158 305 129 22 100 142 90 72 4 214 199 119 311 289 4 282 195 109 287 39 282 255 101 185 33 118 7 240 159 93 158 283 144 40 42 62 21 102 177 317 155 42 68 27 187 184 143 198 46 293 165 10 245 256 288 72 233 71 250 91 184 240 47 48 227 67 241 316 312 264 35 114 292 65 208 232 254 71 9 81 256 256 218 243 314 317 265 141 61 16 309 27 161 208 159 181 293 146 275 293 39 271 240 219 239 290 52 15 302 76 281 220 295 153 58 63 72 268 202 188 267 281 90 32 1 10 64 48 125 157 83 98 130 88 204 218 221 141 61 276 2 217 276 254 79 235 183 259 116 26 40 254 240 264 108 63 255 17 219 107 256 31 91 287 26 163 122 196 80 43 33 257 94 104 29 42 178 99 153 102 180 299 7 291 71 160 316 175 59 54 30 251 273 136 243 264 275 176 26 93 224 136 138 250 114 183 291 276 262 260 200 194 37 87 217 258 17 291 101 155 111 304 9 297 313 152 276 41 301 237 311 54 159 198 238 257 166 157 237 163 121 203 60 30 114 147 172 156 175 196 282 45 183 87 130 124 21 277 244 198 246 223 242 175 178 5
10
8 1 10 5 4 7 8 5 5 3
59
42 4 28 19 13 55 21 30 43 15 5 56 9 45 24 37 14 11 23 42 3 26 44 27 57 2 6 35 27 25 17 41 10 59 36 3 54 34 29 50 47 49 7 39 51 40 1 54 56 31 28 20 48 41 29 53 33 49 49
320
148 287 286 18 222 17 222 128 289 314 126 252 307 206 246 182 76 318 126 15 44 20 71 61 159 284 273 62 218 25 206 68 39 150 275 107 287 102 13 210 302 218 228 77 27 114 6 18 107 211 30 9 35 116 240 305 275 305 243 147 181 86 174 199 112 156 70 172 47 67 59 1 112 266 279 269 320 255 7 229 10 226 206 164 255 309 17 125 12 13 200 220 311 198 73 276 114 247 275 24 82 119 34 137 66 312 130 103 18 67 164 234 11 208 163 179 130 56 54 15 274 134 109 41 220 263 197 133 46 203 194 217 81 299 263 156 12 11 14 147 41 92 40 231 134 289 231 2 242 95 304 31 137 176 245 67 286 108 20 279 291 317 290 217 134 259 223 289 267 26 35 97 131 165 249 115 144 274 171 37 14 156 121 59 249 118 103 151 108 78 160 291 50 213 129 59 128 275 307 216 262 127 241 33 277 124 269 9 164 258 281 18 257 256 301 145 73 188 169 300 176 197 104 37 88 139 39 281 28 284 85 201 150 143 260 220 317 251 215 61 49 190 239 125 12 229 93 7 261 112 120 113 263 233 131 216 177 164 225 227 125 80 167 220 117 28 310 229 71 3 127 27 254 245 38 94 205 177 301 283 280 237 128 60 318 9 1 212 227 115 78 293 306 186 188 203 167 222 88 256 17 55 292 295 123 198 97 259 251 61 118 228 133 315 202 247 173 294 313 21
10
2 10 10 2 2 7 5 10 8 2
