1000
4 25 17
11 60 98
33 18 17
79 91 11
57 92 78
87 20 40
8 90 85
87 63 16
42 67 86
100 37 76
33 55 85
28 100 1
7 78 53
99 92 60
4 57 29
59 98 12
53 52 65
33 35 34
95 52 21
13 82 4
3 31 48
1 73 59
3 38 18
30 94 18
29 21 89
6 10 20
29 23 13
100 97 2
38 68 94
53 70 66
81 14 29
51 61 55
53 97 9
57 75 18
93 92 92
29 16 45
37 17 62
80 22 42
31 90 6
92 67 54
67 60 11
53 76 77
73 60 73
89 42 1
84 69 3
48 62 3
100 1 1
42 35 78
53 80 34
30 86 56
54 69 77
71 75 75
48 48 69
62 87 92
82 35 76
89 37 94
64 15 25
98 83 39
93 40 71
1 45 6
90 72 20
51 9 46
35 55 63
67 67 62
22 42 25
76 5 76
75 71 84
44 65 58
38 6 39
7 29 92
1 23 28
12 3 26
16 15 64
0 55 55
46 38 10
8 61 41
91 47 20
75 37 68
31 9 91
98 69 74
48 55 54
88 40 84
21 94 36
62 44 84
15 100 82
92 80 87
24 26 19
47 68 48
39 5 38
69 96 3
45 24 72
80 2 41
34 44 71
40 29 19
55 65 61
80 53 38
56 82 23
64 85 30
10 32 14
13 55 55
49 60 88
86 41 9
36 17 39
23 7 3
54 72 3
25 2 9
41 35 64
8 64 34
64 96 55
61 9 64
79 6 20
20 28 98
24 66 29
40 31 94
73 6 68
4 45 66
96 46 9
4 80 61
51 7 31
90 47 68
47 25 9
14 63 94
56 87 92
21 89 97
17 31 57
25 55 35
73 91 41
32 98 7
91 10 23
31 15 100
92 10 71
50 20 90
63 73 6
100 39 9
70 35 40
29 2 60
72 69 8
90 77 46
91 2 12
4 86 31
41 97 68
5 21 40
16 96 54
44 27 57
45 58 33
40 58 61
49 97 30
9 70 2
43 89 76
27 39 58
93 73 82
23 24 41
57 52 31
81 79 13
95 20 58
55 82 21
61 11 97
87 37 36
23 17 75
8 20 80
94 41 86
51 34 61
38 4 1
56 56 52
83 25 47
84 24 17
28 12 87
8 58 1
49 11 58
25 23 43
56 80 4
31 57 62
67 58 20
11 69 57
58 18 38
39 62 19
27 5 38
65 77 89
21 99 3
55 80 45
8 67 44
29 36 86
96 46 59
19 59 93
55 48 15
94 30 5
55 37 9
16 97 9
23 7 57
52 44 12
1 55 20
84 63 8
43 58 83
2 67 55
2 42 20
19 87 86
82 93 96
95 23 15
46 100 80
100 84 72
15 12 1
92 55 47
71 83 38
31 37 19
62 59 95
56 6 32
35 62 33
51 82 15
28 88 81
59 22 76
81 69 83
95 59 36
79 67 41
12 7 78
32 27 27
57 76 73
77 83 32
50 78 61
98 57 37
1 97 39
52 58 41
52 37 89
76 47 70
17 75 28
63 39 40
33 12 86
37 21 1
17 32 44
70 35 42
100 9 27
16 58 27
53 100 79
97 40 88
1 81 66
75 40 70
15 27 85
74 86 76
77 28 9
34 59 57
75 93 5
54 28 35
8 31 78
53 61 85
82 77 39
52 96 17
16 79 40
12 55 55
84 93 54
75 76 37
22 61 99
8 59 6
23 1 19
19 57 99
6 90 7
84 79 64
76 84 67
95 88 7
91 65 22
82 87 30
27 23 13
73 44 1
90 14 81
93 28 75
27 97 67
13 64 42
20 60 5
82 2 69
1 95 53
12 25 45
24 60 67
60 4 61
67 68 52
44 19 7
1 90 31
9 10 84
77 83 58
30 64 33
58 12 24
16 35 59
22 4 96
47 8 15
25 60 20
83 81 21
61 34 14
32 60 75
85 67 94
44 95 98
11 92 53
0 42 24
15 29 66
94 6 97
10 55 27
49 48 55
5 5 86
35 16 42
51 66 33
54 84 33
85 68 41
75 2 67
4 78 15
78 3 72
96 55 72
8 3 76
54 7 5
75 12 4
97 10 17
11 99 88
73 4 82
30 5 25
12 100 82
0 20 25
39 12 84
38 31 43
97 87 65
97 7 12
41 98 74
92 38 94
37 26 33
49 18 95
93 24 72
59 78 24
17 37 79
53 46 81
57 41 42
56 92 59
27 65 77
95 22 15
29 81 85
84 90 42
16 11 38
4 95 82
31 11 66
76 27 10
43 99 74
7 13 96
7 54 41
20 46 63
91 2 11
49 86 5
78 56 13
30 9 85
41 32 82
33 61 4
67 45 63
51 37 95
75 55 81
62 46 8
68 88 5
13 47 81
85 55 91
60 2 68
36 42 44
78 28 94
100 98 41
13 17 1
90 63 36
90 16 86
84 1 80
19 77 72
36 65 62
37 56 98
34 5 87
17 73 94
34 16 89
30 29 57
10 34 82
52 71 98
59 60 85
7 79 5
70 15 34
17 17 24
57 27 68
28 95 98
23 3 100
86 15 32
86 98 75
45 58 69
85 74 65
100 87 47
13 9 61
18 57 73
21 81 30
87 63 13
23 100 5
12 59 63
52 10 20
34 67 6
91 74 34
34 72 48
91 77 63
75 31 59
56 91 37
69 62 92
81 64 71
67 48 15
98 23 27
80 60 28
91 63 85
11 83 30
5 95 26
97 70 4
76 78 55
51 52 94
97 14 17
4 87 25
89 21 73
13 21 19
54 6 54
90 24 63
27 69 53
13 62 69
95 21 59
25 69 7
92 3 36
28 95 81
47 1 94
48 46 58
82 79 96
84 30 23
21 17 22
77 75 10
17 81 100
7 38 80
49 79 11
52 27 39
90 58 66
91 9 77
79 37 2
48 38 28
6 36 66
20 56 46
4 99 54
13 69 20
45 38 11
23 79 47
52 27 3
23 65 87
51 16 84
38 91 22
32 81 7
61 87 41
90 76 61
81 8 37
46 60 87
58 91 89
22 75 38
89 84 47
7 21 17
88 64 68
88 45 37
14 72 37
47 66 68
60 52 78
93 26 48
82 56 91
100 84 31
12 8 16
73 43 35
9 3 8
28 1 34
82 32 14
84 90 1
5 98 52
42 62 90
97 96 54
19 90 69
20 73 83
65 46 89
94 24 53
84 79 48
53 85 73
37 13 100
54 53 91
14 36 81
30 65 81
91 86 32
74 32 14
22 15 99
41 31 52
74 29 63
39 72 57
82 65 54
9 67 98
34 21 80
50 69 97
99 26 64
28 75 45
99 35 58
49 47 74
53 3 4
55 4 97
67 5 11
88 98 52
63 18 95
95 95 17
0 89 69
93 85 66
28 89 30
13 78 5
69 39 59
84 58 8
48 100 27
55 99 81
44 33 42
41 88 72
52 90 42
32 14 83
35 99 22
47 2 34
46 26 68
63 90 6
99 77 4
74 77 38
54 31 99
0 54 4
5 47 9
82 98 10
88 98 54
36 98 27
6 74 68
30 64 56
15 90 92
57 10 21
97 40 45
44 4 23
49 32 95
88 93 40
100 54 94
62 48 83
38 4 40
20 71 63
16 54 82
77 18 99
79 48 76
33 17 14
10 72 100
81 30 41
45 4 63
13 15 75
22 64 65
68 47 78
25 65 34
68 55 29
16 12 2
16 66 92
30 17 52
100 31 47
52 60 75
56 30 6
44 26 6
50 96 59
67 53 15
62 46 1
55 98 32
96 44 13
4 1 83
42 67 14
57 87 8
41 26 27
93 81 97
100 91 18
59 43 87
0 30 70
36 32 85
58 63 62
55 32 37
52 23 15
11 10 80
55 82 52
2 9 3
46 59 25
47 12 95
38 100 15
60 38 13
36 86 34
31 86 25
39 62 100
77 67 94
38 20 36
100 60 84
0 65 91
99 3 95
80 15 95
38 73 58
74 24 4
98 80 87
21 52 78
61 11 30
66 30 100
31 43 35
75 69 6
84 48 1
70 87 37
45 70 62
83 15 78
26 26 94
13 28 46
96 10 58
13 68 39
89 11 13
85 70 9
68 82 88
96 74 56
28 13 37
72 84 72
74 76 22
62 67 78
6 12 13
84 5 4
45 61 96
46 60 37
88 17 98
56 65 95
39 81 80
92 82 14
71 35 27
34 10 100
21 61 42
50 42 68
63 38 11
73 9 85
83 56 97
53 90 67
25 17 18
55 68 37
5 100 52
57 26 71
54 28 31
36 64 15
66 89 30
79 13 6
98 13 29
69 82 83
2 93 86
38 92 85
95 33 26
77 89 85
37 2 41
75 9 23
15 72 4
63 4 15
33 34 86
24 100 35
100 68 14
20 60 75
82 19 81
11 32 65
35 71 80
48 59 23
21 66 14
4 90 64
76 58 19
4 79 33
76 86 17
67 54 42
36 12 28
60 29 94
64 82 82
57 28 81
75 18 15
50 66 61
18 28 91
33 39 73
84 18 41
92 31 9
11 30 40
33 36 11
8 13 21
83 27 46
21 26 87
97 16 13
86 33 83
84 32 46
88 5 55
7 13 7
78 71 68
46 54 18
37 24 17
65 42 19
17 6 40
19 38 41
3 8 88
59 96 91
84 58 56
12 98 95
17 24 45
77 97 48
68 31 60
4 11 83
77 75 53
77 21 90
15 73 20
97 61 94
3 96 47
23 60 91
79 31 94
51 32 31
58 85 42
76 9 32
16 86 46
20 14 88
12 65 66
68 23 60
13 63 44
82 55 91
50 45 96
77 61 9
29 21 13
31 11 98
91 35 47
28 81 52
19 13 36
14 78 60
41 48 10
68 85 59
30 83 16
69 91 72
85 73 67
51 39 32
47 88 70
46 18 82
25 68 86
8 61 3
1 22 6
18 69 54
12 9 17
85 13 84
36 4 21
22 97 31
87 47 83
70 91 100
69 96 28
79 70 92
19 32 19
67 23 25
73 94 45
13 42 34
53 86 23
82 94 57
14 10 10
65 81 74
34 74 94
52 72 19
91 25 16
37 92 57
34 72 75
57 48 78
86 92 88
55 94 47
91 83 54
81 88 84
45 62 57
46 65 73
73 41 26
30 57 67
4 47 1
98 39 27
84 71 12
33 6 28
100 74 54
14 89 2
3 53 40
77 88 1
72 98 89
91 22 82
41 62 75
81 40 43
4 99 34
43 9 84
55 47 53
2 57 53
34 78 66
36 61 83
1 87 71
0 68 90
10 67 92
43 47 33
33 29 79
97 58 73
73 32 97
1 42 57
20 62 88
17 52 13
87 12 14
82 70 56
94 53 82
43 24 79
93 62 100
50 27 13
88 17 100
9 67 78
82 89 7
55 71 46
27 23 72
86 89 75
80 32 67
28 16 5
84 75 56
93 68 55
84 79 77
21 63 84
96 2 72
79 100 64
78 31 43
65 34 26
63 42 23
46 83 61
84 40 70
29 72 80
18 75 8
64 88 26
74 35 78
35 73 75
18 95 60
97 10 91
27 63 72
70 29 55
85 12 5
1 74 53
16 10 4
22 45 39
46 4 73
38 96 19
0 71 40
72 17 12
61 12 61
23 58 58
31 30 58
25 18 17
72 82 11
93 6 84
19 23 85
68 13 87
66 26 38
75 53 41
65 69 32
81 38 96
29 35 24
71 76 48
24 81 77
0 10 42
23 36 86
27 6 1
66 68 37
8 7 32
37 3 58
99 60 89
15 81 62
32 71 93
21 57 20
5 92 68
63 47 47
47 39 84
99 70 86
42 25 39
81 4 75
75 30 25
98 4 46
16 93 89
100 26 16
65 18 82
10 38 38
93 54 6
98 85 38
22 84 76
48 69 67
39 62 18
61 29 41
24 24 77
47 92 81
78 12 41
77 65 16
85 93 63
87 66 72
54 93 10
7 56 41
21 53 4
43 97 35
28 43 83
22 21 46
100 17 30
95 11 94
62 57 13
85 2 99
67 89 59
89 74 71
23 5 33
98 28 93
93 62 88
25 85 66
78 23 25
32 67 10
94 73 33
69 44 38
80 70 89
10 9 17
77 31 9
68 63 40
54 86 32
34 29 29
99 99 99
21 88 44
20 94 40
73 79 96
73 81 87
31 46 91
77 76 20
90 69 60
43 82 22
64 76 28
40 47 81
21 6 39
77 46 98
20 56 69
18 89 10
28 53 36
43 72 63
11 99 92
10 19 4
87 81 48
56 83 72
73 81 29
14 19 22
3 83 27
28 96 15
41 85 37
87 37 94
8 88 1
34 68 35
9 100 8
5 77 3
67 77 35
6 45 79
93 37 34
23 74 80
37 73 10
65 48 46
61 85 22
34 14 7
46 13 67
22 41 17
41 54 55
84 26 67
83 77 98
20 11 46
76 70 22
42 33 8
68 76 65
37 54 52
70 100 38
95 92 84
12 33 57
79 87 63
26 63 84
19 25 7
54 36 40
43 30 26
94 20 21
49 73 97
98 100 65
27 56 28
97 44 60
54 13 86
40 76 92
54 18 72
7 55 65
58 86 97
67 94 53
83 21 71
47 66 45
84 70 75
89 86 90
74 27 60
82 97 70
44 68 69
69 18 21
24 29 11
14 81 78
19 41 36
69 3 81
62 90 75
75 36 52
46 25 23
40 32 40
10 34 81
18 61 15
83 77 15
34 66 96
66 98 21
60 86 100
32 38 20
99 61 22
78 53 78
7 95 21
26 57 61
3 22 39
43 48 99
3 98 22
35 64 17
0 20 21
