Case #1: 3 4 6
Case #2: 7 10 13 14 17 18 19 22 24 26 28 30 32 33 35 37 38 39 40
Case #3: 801 802 803 804 805 806 807 808 809 810 811 812 813 814 815 816 817 818 819 820 821 822 823 824 825 826 827 828 829 830 831 832 833 834 835 836 837 838 839 840 841 842 843 844 845 846 847 848 849 850
Case #4: 46 50 64 66 75 77 80 85 89 93 96 100 107 112 115 118 123 128 129 131 133 137
Case #5: 7 8 11 13 14 16 17 18 20 21
Case #6: 2 6 10 14
Case #7: 1 2 4 6 7 8 10 11 13 14 15 17 18 19 20 21
Case #8: 2 3 4
Case #9: 2 4 6 8
Case #10: 4 6 8 10 11 12 13 15 18 19 20 22 24 27 29 31 33 34 36 37 38 39 41 42 43
Case #11: 19 20 22 28 30 33 36 38 41 43 44 47 50 53 55 56 59 61 64 65 66 68 71 73
Case #12: 2 4 5 10
Case #13: 15 35 57 70
Case #14: 41 42 43 44 45 46 47 48 49 50 51 52 53 54 55 56 57 58 59 60 61 62 63 64 65 66 67 68 69 70 71 72 73 74 75 76 77 78 79 80 81 82 83 84 85 86 87 88 89 90
Case #15: 83 85 108 123 143 153 169 187 204 233 245 261 277 279 296 305 324 343 353 360 383 393 411 436 444 453 478 487 515 531 540 554 577 607 615 627 634 658 672 684 714 734 743 766 787 789 800 801 806 814
Case #16: 15 19 21 22 26 27 29 34 36 37
Case #17: 9 17 24 30 35 39 42 44 45 62
Case #18: 2 3 4 5 6 7 8
Case #19: 45 48 52 53 57 58 71 74 80 81 86 90 92 95 96 98
Case #20: 4 8
Case #21: 12 16 19 20 23 26 27 28 31 33 34 37 42 46
Case #22: 6 7 13 15 18 22 26 27 29 30 34 36 39 42 43 46 50 52 56 58 61 65 66
Case #23: 6 8
Case #24: 501 502 503 504 505 506 507 508 509 510 511 512 513 514 515 516 517 518 519 520 521 522 523 524 525
Case #25: 5 8 11 13 17 19 20
Case #26: 97 116 143 144 190 206 230 242 266 291
Case #27: 22 222
Case #28: 3 4 5
Case #29: 33 81 128 174 219 263 306 348 389 429 468 506 543 579 614 648 681 713 744 774 803 831 858 884 909 933 956 978 999 1019 1038 1056 1073 1074 1075 1076 1077 1078 1079 1080 1081 1082 1083 1084 1085 1086 1087 1088 1089 1290
Case #30: 1 2 3
Case #31: 4 8 11 12
Case #32: 11 13 14 16 19 22 23
Case #33: 2 3 5 8 11 14 15 18 20 21 23 25 28 29 31
Case #34: 2 4
Case #35: 2 22
Case #36: 205 254 314 339 368 390 413 447 448 493 506 523 543 567 577 605 624 642 663 669 690 705 708 718 734
Case #37: 22 23 24 25 26 27 28
Case #38: 60 102 129 147 169 177 182
Case #39: 23 46 68 89 109 128 146 163 179 194 208 221 233 244 254 263 271 278 284 289 293 296 298 299 345
Case #40: 20 21 22 23 24 25 26 27 28 29 30 31 32 33 34 35 36 37 38 39 40 41 42 43 44
Case #41: 1 2 3 4
Case #42: 5 10 14 17 19 20 30
Case #43: 28 33 43 45 50 51 55 59 64 70 75 78 87
Case #44: 8 18 28 38 48 58 68 78 88 98
Case #45: 8 10 12 14 16 17 19 21 23 25 27 28 29 30 32 33 34 37 39 41 42 44 45
Case #46: 65 75 78 83 88 92 95 98 101 103 104 105 110 112 113 117 118 120 125 129 132 135 138 141 146 149 150 154 155 158 160 163 164 167 169 170 174 178 180 181 186 188 191 194 197 198 203 204 206 209
Case #47: 28 38 39 43 50 52 53 55 61 64 67 68 70 71 72 76 82 83 84 88 91 94 96 101 104
Case #48: 2 6
Case #49: 6 7 8 9 10 11 12 13 14 15
Case #50: 61 65 68 70 77 79 81 83 85 89 90 92 95 97 99 100 101 103 104 106 107 110 112 115 117 119 121 122 123 125 128 131 133 134 136 137 138 140 142 143 144 145 147 149 151 153 154 158 162 164
