50
3
1 2 3
2 3 5
3 5 6
2 3 4
1 2 3
2
2 4
4 8
6 8
2
2 6
2 5
5 10
2
2 7
1 4
1 2
4
3 4 5 6
2 3 4 5
4 5 6 7
2 3 4 5
3 4 5 6
1 2 3 4
1 2 3 4
4
1 5 8 11
7 8 12 13
1 4 7 10
11 12 13 16
10 12 13 16
8 9 12 13
5 6 8 12
4
37 79 99 119
54 74 96 119
33 69 77 99
18 23 33 54
23 53 58 79
18 32 33 37
32 53 69 74
3
9 13 15
8 13 17
4 8 10
12 17 20
10 15 20
10
106 141 161 207 229 271 305 321 323 346
71 85 96 99 107 118 142 172 191 207
108 122 145 168 183 206 225 240 257 271
150 159 192 196 223 260 310 329 335 346
52 64 71 99 146 168 170 179 194 196
30 40 47 64 76 97 111 125 129 141
130 153 170 179 216 234 268 273 300 321
24 40 51 85 107 122 151 153 156 159
66 111 137 142 184 225 247 268 291 310
127 151 164 170 195 207 247 266 286 305
86 129 159 191 206 257 286 300 317 335
71 125 152 172 202 240 266 273 311 329
86 107 129 146 150 165 184 202 206 229
47 51 57 71 100 116 137 152 159 161
148 156 179 194 217 257 291 311 317 323
18 30 47 71 86 108 127 130 148 150
18 24 27 52 54 61 66 71 86 106
61 97 116 118 165 206 207 234 257 260
54 76 100 107 150 183 195 216 217 223
7
5 8 9 12 13 15 17
7 12 15 17 22 23 28
12 17 22 25 28 32 33
3 8 11 14 16 18 21
8 13 18 21 25 27 29
8 11 13 15 18 21 22
11 16 19 22 25 26 28
17 21 25 28 29 32 33
2 5 8 9 11 14 17
10 15 21 23 26 29 32
9 14 15 17 21 23 25
4 9 13 15 19 22 25
2 3 4 7 8 10 12
4
5 8 13 15
13 19 24 29
8 14 18 20
15 24 28 30
9 14 19 24
5 9 10 11
10 18 24 28
3
2 6 7
2 4 7
7 11 14
7 11 14
6 10 11
10
3 11 18 19 20 21 22 23 24 51
3 11 18 19 20 21 22 23 24 50
8 16 23 29 34 38 41 43 44 60
5 13 20 26 31 32 33 34 35 55
5 13 20 26 31 32 33 34 35 54
8 16 23 29 34 38 41 43 44 61
6 14 21 27 32 36 37 38 39 56
9 17 24 30 35 39 42 44 45 62
2 10 11 12 13 14 15 16 17 48
9 17 24 30 35 39 42 44 45 63
7 15 22 28 33 37 40 41 42 59
47 49 50 52 54 57 59 61 63 64
7 15 22 28 33 37 40 41 42 58
1 2 3 4 5 6 7 8 9 46
46 48 51 53 55 56 58 60 62 64
4 12 19 25 26 27 28 29 30 52
2 10 11 12 13 14 15 16 17 49
6 14 21 27 32 36 37 38 39 57
1 2 3 4 5 6 7 8 9 47
4
13 14 15 16
5 6 7 8
3 7 11 15
1 5 9 13
4 8 12 16
1 2 3 4
2 6 10 14
10
1 3 5 7 8 10 12 13 14 16
1 3 5 7 8 9 10 11 13 15
7 9 11 12 14 15 17 20 22 24
5 6 7 10 11 13 16 18 19 21
13 16 18 20 21 23 25 26 28 30
16 19 21 24 25 26 29 30 31 33
12 14 16 17 19 20 22 25 26 28
14 17 19 22 24 25 27 28 29 31
3 5 6 8 9 12 14 16 17 19
11 15 18 20 22 24 25 26 28 30
7 8 10 12 14 15 17 20 22 23
13 16 20 22 23 25 26 28 29 31
9 12 14 15 17 19 20 23 25 26
3 5 6 9 10 12 13 15 16 17
8 9 11 14 15 17 19 22 23 25
10 12 13 15 16 19 21 24 25 26
8 10 13 14 15 16 19 21 24 25
15 17 22 23 25 26 28 30 31 33
10 13 16 17 19 21 22 25 27 29
7
1 2 3 5 7 8 9
3 5 6 7 9 11 12
5 6 8 9 11 13 14
3 6 8 9 12 13 15
8 11 13 14 16 17 19
9 12 14 16 18 20 22
10 12 13 14 16 17 20
9 11 12 13 14 16 18
5 7 9 11 13 14 16
7 9 11 13 14 16 17
2 5 6 8 11 12 13
7 8 9 11 13 14 16
11 13 15 16 17 19 22
3
9 12 15
3 5 7
3 6 9
6 7 8
5 7 12
10
3 4 7 9 10 14 17 20 21 22
14 20 21 25 31 34 37 38 40 43
6 9 14 15 20 22 23 26 27 29
13 15 18 22 23 27 29 34 35 40
15 21 23 28 34 35 38 40 42 45
11 14 17 20 22 25 28 31 34 37
8 12 13 15 18 19 22 25 28 31
5 7 11 13 17 18 19 22 26 28
16 21 22 26 28 30 34 38 40 45
2 4 9 12 14 15 18 21 23 26
9 10 15 18 22 23 25 28 30 32
19 23 26 27 30 32 36 40 42 48
13 17 19 22 28 29 32 34 36 39
22 26 28 29 32 34 39 43 45 51
1 2 5 6 9 12 13 14 15 18
12 14 17 19 25 27 29 30 32 34
15 18 19 23 25 29 32 37 38 43
18 22 25 31 37 40 43 45 48 51
1 3 6 8 11 13 15 16 19 22
7
2 3 4 5 6 7 8
3 4 5 6 7 8 9
1 2 3 4 5 6 7
7 8 9 10 11 12 13
7 8 9 10 11 12 13
5 6 7 8 9 10 11
1 2 3 4 5 6 7
3 4 5 6 7 8 9
4 5 6 7 8 9 10
4 5 6 7 8 9 10
2 3 4 5 6 7 8
5 6 7 8 9 10 11
6 7 8 9 10 11 12
10
18 22 30 33 37 38 39 40 44 51
3 5 9 12 13 14 18 19 21 25
6 10 11 13 17 21 22 25 26 28
5 10 12 14 15 18 21 25 28 29
19 25 34 37 41 45 46 49 50 52
13 17 22 23 26 31 34 37 41 43
28 29 39 41 43 47 51 52 58 64
9 12 15 19 22 26 30 34 36 37
13 15 22 23 26 30 37 41 45 47
19 21 28 32 34 38 39 46 50 51
9 11 15 19 22 25 28 31 35 39
14 21 26 28 30 34 38 39 42 47
23 25 31 34 37 39 40 49 53 57
21 26 36 40 45 48 50 53 57 58
11 14 19 20 23 28 33 37 40 43
17 18 25 28 31 34 38 45 48 49
3 6 9 11 13 17 19 23 26 28
12 13 19 20 23 28 32 34 38 41
25 28 37 43 47 49 51 57 61 64
7
3 5 7 9 12 13 14
5 8 9 12 15 18 21
7 9 11 13 18 19 22
14 21 22 23 27 30 31
12 13 17 20 22 25 27
3 4 6 9 12 13 14
9 12 13 16 20 22 24
12 15 18 20 22 25 27
14 16 20 24 27 28 31
9 11 14 16 20 22 23
13 15 19 22 25 26 30
6 9 11 14 17 19 20
13 18 19 22 25 26 28
3
2 3 4
3 4 5
1 2 3
1 2 3
2 3 4
5
5 8 9 10 12
7 13 15 16 18
2 5 6 7 8
7 10 15 16 19
6 10 12 15 17
2 5 6 7 10
6 9 12 15 17
5 8 10 13 14
8 14 17 19 22
3
3 4 5
1 2 3
1 2 3
2 3 4
3 4 5
10
13 18 25 27 34 39 40 44 49 52
16 23 25 33 39 43 45 50 51 54
21 29 34 37 44 45 49 55 59 61
16 21 32 35 36 45 47 49 58 63
22 29 44 49 52 54 58 61 69 73
9 14 18 19 24 25 28 34 35 38
12 20 24 29 34 35 36 44 49 52
6 11 16 18 20 23 24 29 31 33
7 16 18 20 25 30 32 37 40 44
23 31 35 38 49 53 58 63 64 69
3 6 7 10 12 16 18 21 23 28
6 11 14 15 18 19 21 26 28 29
18 26 37 42 44 50 54 55 63 67
20 28 40 47 49 51 57 59 64 70
3 6 9 11 13 14 16 18 20 22
11 15 20 24 29 33 36 37 38 39
10 18 19 24 27 32 35 42 47 49
18 24 28 36 40 44 47 54 57 58
14 19 30 32 35 43 44 45 53 58
7
36 37 38 39 40 41 42
1 2 3 4 5 6 7
8 9 10 11 12 13 14
3 10 17 24 31 38 45
5 12 19 26 33 40 47
2 9 16 23 30 37 44
4 11 18 25 32 39 46
22 23 24 25 26 27 28
6 13 20 27 34 41 48
7 14 21 28 35 42 49
29 30 31 32 33 34 35
1 8 15 22 29 36 43
15 16 17 18 19 20 21
2
6 8
4 8
2 6
4
5 8 9 10
3 6 8 10
2 4 5 7
6 9 10 12
2 3 5 6
5 8 9 11
4 6 8 9
7
40 48 65 70 94 101 124
40 65 67 81 95 134 145
45 63 67 84 97 119 132
79 101 119 126 167 181 215
66 75 81 104 115 126 157
82 90 95 124 143 167 181
42 70 84 104 124 158 168
84 109 134 158 173 181 187
24 48 63 75 90 109 126
17 40 45 66 82 84 102
95 124 132 157 181 187 227
102 126 145 168 192 215 227
17 24 40 42 57 79 95
2
1 2
2 5
1 2
4
9 10 11 16
7 9 10 11
5 6 9 13
3 5 7 10
3 5 8 9
8 9 10 15
5 6 9 10
2
2 4
6 8
2 6
4
2 3 5 7
2 4 5 7
5 7 9 10
4 5 7 8
5 6 9 10
3 5 6 8
7 8 10 12
7
4 9 11 13 16 21 25
8 11 16 20 23 24 25
14 16 21 25 27 30 32
6 15 20 22 25 29 33
5 12 16 19 21 22 29
5 9 12 15 17 20 21
2 4 5 6 8 12 13
19 25 29 33 35 39 40
17 21 22 29 30 32 35
13 21 25 31 32 35 40
2 5 8 12 14 17 19
12 20 24 28 30 32 39
12 13 19 22 26 28 31
8
21 33 37 40 42 43 51 60
20 28 36 42 46 48 55 60
6 11 13 17 22 27 29 33
11 22 26 29 31 32 42 46
2 6 10 11 15 17 18 20
5 13 15 20 25 30 34 36
2 3 5 8 11 14 17 21
11 16 20 24 29 33 35 40
8 17 20 24 27 31 38 42
3 11 13 16 18 21 26 28
18 26 34 38 42 47 50 51
15 18 25 27 31 35 37 42
17 29 33 35 37 39 50 55
17 21 30 31 32 38 39 43
10 13 15 20 26 31 33 37
3
5 11 12
2 5 7
7 11 12
2 3 5
3 8 11
6
8 9 12 14 16 18
2 4 6 8 9 11
4 6 7 9 10 12
7 9 11 12 13 16
3 6 7 9 11 12
6 8 9 10 12 14
6 8 10 12 13 14
4 7 9 10 12 13
1 2 3 4 6 8
1 2 4 6 7 8
8 11 12 13 14 18
9
5 9 11 13 15 17 19 21 23
10 15 17 19 21 22 24 28 30
1 3 5 7 8 9 11 13 14
3 5 7 9 11 12 14 15 16
7 12 13 15 18 19 21 24 26
2 5 6 8 9 10 13 15 16
12 16 18 21 23 25 27 29 32
5 6 9 11 12 13 15 17 18
7 8 11 13 14 15 17 19 21
6 11 12 14 17 18 20 22 24
13 15 17 21 22 24 26 28 29
14 16 19 23 24 26 28 30 32
9 10 14 17 18 19 20 22 25
11 13 16 19 20 21 23 24 27
1 2 3 5 6 7 9 10 12
8 9 13 15 17 18 19 21 23
9 14 15 17 19 20 23 26 28
2
2 6
4 8
2 4
4
7 10 11 13
4 5 7 8
4 5 8 10
5 7 9 11
2 4 5 6
6 8 11 13
2 4 6 7
4
8 10 13 16
2 5 8 9
2 5 8 10
8 9 13 15
5 6 9 12
9 11 15 19
5 6 10 11
7
3 8 12 13 14 15 27
2 7 8 9 10 11 24
2 7 8 9 10 11 25
5 10 14 17 19 20 30
6 11 15 18 20 21 33
6 11 15 18 20 21 32
22 24 27 28 30 33 34
5 10 14 17 19 20 31
1 2 3 4 5 6 23
1 2 3 4 5 6 22
3 8 12 13 14 15 26
4 9 13 16 17 18 29
23 25 26 29 31 32 34
2
22 222
22 222
2 22
4
1 2 3 5
6 8 11 12
2 5 6 8
3 7 9 11
1 3 4 6
5 9 11 12
3 5 7 9
10
10 11 12 13 14 15 16 17 18 19
4 5 6 7 8 9 10 11 12 13
3 4 5 6 7 8 9 10 11 12
5 6 7 8 9 10 11 12 13 14
3 4 5 6 7 8 9 10 11 12
8 9 10 11 12 13 14 15 16 17
5 6 7 8 9 10 11 12 13 14
2 3 4 5 6 7 8 9 10 11
1 2 3 4 5 6 7 8 9 10
6 7 8 9 10 11 12 13 14 15
9 10 11 12 13 14 15 16 17 18
2 3 4 5 6 7 8 9 10 11
4 5 6 7 8 9 10 11 12 13
6 7 8 9 10 11 12 13 14 15
7 8 9 10 11 12 13 14 15 16
1 2 3 4 5 6 7 8 9 10
7 8 9 10 11 12 13 14 15 16
9 10 11 12 13 14 15 16 17 18
8 9 10 11 12 13 14 15 16 17
4
8 9 12 13
3 5 6 12
1 2 3 8
2 4 5 9
3 5 6 11
7 10 11 13
2 4 5 10
10
51 52 53 54 55 56 57 58 59 60
9 19 29 39 49 59 69 79 89 99
81 82 83 84 85 86 87 88 89 90
8 18 28 38 48 58 68 78 88 98
11 12 13 14 15 16 17 18 19 20
6 16 26 36 46 56 66 76 86 96
7 17 27 37 47 57 67 77 87 97
21 22 23 24 25 26 27 28 29 30
41 42 43 44 45 46 47 48 49 50
2 12 22 32 42 52 62 72 82 92
91 92 93 94 95 96 97 98 99 100
4 14 24 34 44 54 64 74 84 94
71 72 73 74 75 76 77 78 79 80
5 15 25 35 45 55 65 75 85 95
1 2 3 4 5 6 7 8 9 10
3 13 23 33 43 53 63 73 83 93
10 20 30 40 50 60 70 80 90 100
61 62 63 64 65 66 67 68 69 70
1 11 21 31 41 51 61 71 81 91
3
2 3 4
3 4 5
2 3 4
3 4 5
1 2 3
7
5 6 7 9 11 13 14
1 2 4 6 8 10 12
8 10 11 14 15 17 19
8 10 12 14 17 18 19
10 11 14 16 19 21 23
6 7 9 12 13 14 16
2 4 6 8 9 10 11
3 4 5 7 10 12 13
6 8 10 12 14 15 16
4 5 7 10 11 12 14
10 12 13 15 16 18 21
1 3 5 6 7 8 10
7 9 11 13 15 16 17
2
2 22
22 222
2 22
