Case #1: 3 4 6
Case #2: 2 6
Case #3: 6 10
Case #4: 4 7
Case #5: 4 5 6 7
Case #6: 4 6 9 12
Case #7: 33 58 77 96
Case #8: 4 9 12
Case #9: 27 47 57 96 129 145 164 170 179 192
Case #10: 14 18 22 23 27 29 32
Case #11: 11 20 29 30
Case #12: 4 10 11
Case #13: 4 12 19 25 26 27 28 29 30 53
Case #14: 9 10 11 12
Case #15: 5 6 7 11 13 14 16 18 20 22
Case #16: 1 3 5 7 9 10 11
Case #17: 7 8 15
Case #18: 6 9 11 14 15 17 19 21 23 25
Case #19: 6 7 8 9 10 11 12
Case #20: 26 28 35 38 41 42 44 50 57 61
Case #21: 4 8 9 11 13 15 16
Case #22: 3 4 5
Case #23: 10 12 17 18 22
Case #24: 2 3 4
Case #25: 28 33 38 39 52 58 63 67 70 73
Case #26: 43 44 45 46 47 48 49
Case #27: 2 4
Case #28: 7 10 11 12
Case #29: 57 94 97 115 143 173 192
Case #30: 2 5
Case #31: 10 13 15 16
Case #32: 4 8
Case #33: 7 8 10 12
Case #34: 8 17 23 26 27 30 35
Case #35: 14 27 31 33 35 38 47 48
Case #36: 5 8 11
Case #37: 2 4 6 7 8 9
Case #38: 3 7 9 11 13 14 16 17 19
Case #39: 6 8
Case #40: 6 8 9 11
Case #41: 10 12 16 19
Case #42: 4 9 13 16 17 18 28
Case #43: 2 22
Case #44: 4 6 9 11
Case #45: 10 11 12 13 14 15 16 17 18 19
Case #46: 1 2 3 7
Case #47: 31 32 33 34 35 36 37 38 39 40
Case #48: 1 2 3
Case #49: 12 13 14 16 17 19 23
Case #50: 22 222
