100
4 3
4 5 6 4
4 2
4 5 6 4
3 3
1 1 1
100 4
73 45 75 66 29 5 41 10 5 13 25 69 61 28 62 25 26 35 18 13 45 25 86 6 78 73 94 29 45 61 62 2 89 61 87 89 45 65 97 53 25 13 43 9 81 13 38 59 93 54 37 65 89 47 5 73 22 10 2 33 6 58 81 39 93 94 52 89 97 58 37 58 13 28 49 17 58 55 62 57 65 73 5 85 82 6 58 93 89 97 53 2 96 6 65 38 89 29 42 59
100 4
14 1 9 89 53 44 52 78 65 82 29 46 89 52 25 13 65 90 61 64 70 31 17 94 97 51 85 29 17 39 49 77 53 2 77 78 2 69 74 25 78 45 66 85 29 51 89 77 79 25 63 51 90 41 44 4 79 57 73 3 10 81 66 46 61 85 2 61 18 61 53 13 89 49 24 73 17 91 55 28 25 30 71 82 46 13 89 1 13 1 24 19 87 42 27 15 24 77 5 53
15 3
63 70 32 94 77 68 1 21 68 31 13 77 3 60 93
1 3
32
18 4
75 82 76 41 68 23 41 61 89 64 71 93 43 35 25 3 57 3
1 2
94
100 3
17 22 26 25 2 41 50 46 86 23 44 70 49 62 34 88 16 50 64 35 89 19 76 44 67 38 98 47 23 86 13 74 46 37 8 97 52 62 26 73 19 68 25 28 43 49 5 58 77 23 32 62 47 56 7 83 59 64 19 56 28 34 11 77 53 40 89 55 91 32 52 23 52 62 64 86 19 34 26 82 49 59 85 20 89 52 47 71 38 13 68 67 59 74 26 46 68 1 92 65
100 2
46 61 55 5 55 12 41 39 32 19 85 39 27 6 33 61 63 77 52 15 26 22 60 52 32 3 13 31 90 48 39 89 51 94 15 53 76 44 81 31 52 83 39 90 74 63 84 3 6 26 96 52 36 40 12 23 51 66 57 58 80 10 92 16 31 93 17 58 3 67 22 45 56 28 80 21 52 32 26 67 78 18 69 99 85 41 32 16 99 35 24 20 51 56 84 81 90 48 1 59
12 3
97 35 36 34 65 44 61 44 95 94 8 49
100 3
34 22 58 76 23 49 62 26 95 4 49 97 64 88 82 10 71 59 88 70 40 29 44 26 65 26 49 10 76 68 79 52 35 37 32 19 71 62 28 26 97 70 41 56 4 62 82 23 8 94 37 65 41 29 26 86 4 8 98 79 53 2 68 74 10 55 50 68 85 86 37 13 2 92 95 14 2 43 61 73 52 28 28 29 82 20 25 35 65 82 20 10 91 56 46 1 28 62 29 29
100 4
26 53 83 83 37 62 1 37 90 25 46 26 21 37 27 57 89 33 65 33 86 22 57 38 70 79 26 15 49 66 97 17 25 70 75 1 35 86 10 37 13 70 78 45 81 39 33 81 38 97 61 25 5 75 5 21 78 1 69 33 65 93 25 25 43 14 79 25 53 84 58 29 35 4 89 63 89 82 46 93 6 71 47 75 65 6 46 29 19 2 37 77 93 39 41 13 55 93 11 18
100 4
70 78 54 5 47 70 59 95 41 41 6 59 97 93 59 5 67 77 94 30 74 83 5 59 6 3 2 65 7 57 21 63 6 91 65 78 85 87 18 37 33 81 65 5 39 71 67 82 46 26 63 95 51 55 25 58 73 27 66 54 42 27 66 59 6 77 13 6 77 94 54 43 87 5 63 49 69 70 31 18 82 74 6 93 23 95 83 41 90 73 15 10 6 13 91 59 85 81 53 47
17 4
53 88 19 9 1 13 15 51 33 59 91 39 1 87 40 52 65
100 4
47 22 50 55 70 35 91 64 78 71 9 51 75 37 94 27 40 39 75 78 47 27 62 7 3 6 50 11 15 27 3 39 47 38 75 91 79 31 62 83 88 55 76 65 10 91 11 84 55 91 19 26 35 89 47 34 23 19 27 23 57 23 44 13 67 91 34 34 43 10 5 42 71 48 77 97 24 3 49 35 67 59 26 12 91 67 91 16 31 97 2 37 89 3 4 81 34 66 6 94
100 3
59 32 68 25 71 52 47 5 41 50 55 55 13 2 21 50 8 17 59 37 59 35 23 68 17 77 72 66 12 13 65 82 98 89 55 58 11 55 95 44 98 73 2 70 34 37 94 79 68 23 29 17 7 1 11 73 92 26 76 52 59 40 40 8 78 74 37 62 89 37 46 95 10 37 91 43 66 91 26 26 17 17 11 38 73 95 71 17 53 59 55 47 41 44 37 77 8 61 59 92
2 4
18 10
4 4
67 19 11 67
16 4
69 27 23 33 95 11 53 67 83 95 8 81 83 39 25 31
1 4
4
23 4
34 67 1 68 95 61 35 5 59 61 7 14 71 89 78 42 10 13 84 22 28 97 51
100 3
70 4 34 73 9 42 29 34 62 24 41 93 67 13 58 92 41 31 80 32 28 58 3 37 37 82 19 10 36 94 70 88 18 33 46 31 56 65 3 48 73 15 14 68 63 69 16 29 45 39 32 20 92 5 69 64 46 8 90 38 8 67 38 69 62 3 57 53 48 52 74 39 98 63 27 41 32 29 15 5 57 19 14 15 12 27 21 44 75 65 59 79 12 61 20 90 52 37 77 40
100 4
60 18 38 33 79 7 50 85 10 14 33 67 67 2 19 42 30 55 7 7 67 72 23 27 46 23 87 30 35 19 39 79 15 71 53 96 80 42 38 67 13 79 15 82 66 39 72 42 31 83 75 3 11 23 63 87 19 45 51 39 59 9 11 36 25 31 47 83 83 55 56 87 25 43 30 23 39 11 91 86 42 2 23 96 78 54 94 71 7 83 55 5 59 19 11 67 27 73 75 43
19 2
66 68 2 17 16 39 66 55 26 76 72 11 70 68 95 37 47 20 25
3 4
94 58 38
14 4
39 37 7 79 41 43 57 39 65 65 69 31 69 63
100 3
95 70 41 55 23 41 77 70 93 10 85 5 96 64 79 70 77 51 9 33 15 83 77 79 2 46 20 13 88 76 43 89 13 4 53 29 58 70 7 49 86 52 29 70 20 12 37 19 1 46 37 55 47 70 22 78 65 94 16 62 64 4 95 97 41 91 64 4 76 19 58 13 73 13 1 64 86 89 38 31 43 40 28 1 94 41 25 4 59 30 82 7 2 25 55 92 17 63 36 87
2 3
83 59
16 3
19 89 40 34 17 15 37 88 44 55 53 68 14 74 14 56
1 3
15
11 3
97 26 74 46 5 16 29 46 89 95 37
27 4
95 79 7 23 83 79 15 23 43 51 55 53 79 49 85 43 71 58 83 87 1 55 25 59 53 23 77
100 4
24 14 71 55 70 10 18 57 19 92 63 31 55 83 7 7 21 3 71 70 43 55 33 75 81 54 27 80 96 35 67 75 52 63 42 82 75 22 23 83 83 30 22 46 58 66 91 90 93 82 2 58 70 79 67 59 19 35 18 43 71 43 34 54 2 82 75 91 43 31 12 11 19 43 35 3 94 61 70 22 15 53 46 53 71 75 67 59 31 16 47 59 50 46 71 23 41 3 11 34
3 4
95 23 87
100 4
3 38 38 86 41 6 1 6 33 46 73 77 73 73 61 97 89 44 94 57 1 84 18 39 82 9 17 89 1 18 90 14 10 18 93 61 61 57 42 66 83 23 18 1 81 21 58 29 83 5 55 10 25 48 53 65 26 77 21 86 10 85 43 6 2 21 61 29 25 59 11 13 37 13 62 5 33 86 13 77 97 59 49 70 61 26 73 57 17 37 77 88 77 87 31 30 13 97 46 79
23 3
77 46 31 86 29 34 5 41 89 20 17 58 3 87 68 34 86 68 8 40 37 68 23
3 3
26 11 53
25 4
61 86 81 87 13 60 34 60 35 20 44 37 57 83 73 3 93 65 71 35 38 33 12 5 57
17 4
71 17 83 17 21 97 13 71 23 41 68 1 53 1 71 94 29
25 3
68 23 64 11 59 29 90 41 32 67 96 46 47 87 50 72 97 65 55 47 2 26 55 91 57
26 4
55 1 62 29 69 81 1 23 95 89 59 9 29 57 45 37 37 87 77 81 56 49 3 33 89 57
17 4
63 31 37 93 93 11 5 75 31 27 5 7 13 53 63 37 95
2 4
73 41
22 4
17 87 83 93 89 45 37 8 79 20 27 7 87 97 77 89 64 81 49 61 68 71
18 4
67 85 23 19 41 23 9 93 85 55 59 95 95 97 36 41 47 17
22 4
40 67 75 22 81 57 55 78 58 7 87 57 41 75 19 34 11 39 30 95 9 86
30 4
47 23 63 5 23 69 35 74 95 46 47 3 23 33 75 23 11 95 95 23 71 21 26 83 29 68 90 91 90 41
23 4
43 54 36 38 31 49 15 62 85 85 72 16 78 78 28 51 65 71 3 37 1 50 71
100 4
21 66 70 37 34 23 20 19 71 10 75 87 90 41 3 55 86 50 38 46 55 83 51 27 9 46 58 15 52 2 89 63 15 75 63 67 31 35 42 35 31 54 89 86 47 71 58 85 35 37 69 27 63 66 63 76 38 33 75 23 66 38 72 39 90 49 19 79 91 3 82 71 47 36 57 51 47 74 51 15 23 19 18 75 67 45 59 53 34 15 30 50 69 26 75 34 55 63 34 67
2 2
81 75
18 3
29 5 37 74 19 79 2 95 29 38 62 91 62 55 83 64 38 77
100 3
45 35 30 20 81 43 37 44 16 43 23 42 7 93 11 74 35 71 54 5 14 98 23 70 38 61 77 29 35 98 35 41 83 53 45 17 65 83 95 4 31 83 97 41 26 23 86 33 82 50 26 85 70 83 80 56 50 20 5 2 38 49 8 13 8 23 41 44 18 71 20 76 49 98 34 30 2 92 68 44 40 5 77 29 4 86 10 44 8 38 12 71 73 37 44 58 56 83 41 26
18 3
74 18 75 78 24 17 1 58 86 19 93 74 50 98 25 91 79 4
18 4
75 89 87 41 35 33 79 33 31 38 97 35 33 11 23 7 49 45
23 4
66 27 53 13 63 6 5 53 38 13 37 81 14 13 53 71 17 95 69 67 49 89 29
100 4
5 14 57 60 87 67 70 49 85 51 30 73 10 96 6 9 93 97 95 73 61 21 14 41 57 94 25 25 96 1 74 9 89 77 69 61 97 69 42 84 38 65 83 21 50 27 66 70 17 49 30 77 43 25 25 65 6 89 37 25 71 1 86 4 57 44 52 21 13 6 7 11 18 69 10 11 25 61 87 89 89 31 29 81 69 79 85 71 61 89 61 1 38 78 57 17 46 34 89 54
1 4
19
15 3
55 58 47 23 59 22 32 76 73 94 52 39 23 16 82
100 4
13 19 31 30 14 38 57 5 6 93 25 7 26 15 6 95 91 23 11 51 3 22 22 67 41 69 37 39 95 70 31 11 23 11 55 35 43 87 45 80 79 62 2 31 57 2 19 3 15 6 74 63 83 79 4 31 19 70 51 35 6 67 14 27 43 27 35 75 72 79 3 20 2 30 42 67 14 87 79 15 40 74 79 49 47 78 90 46 78 39 69 3 27 22 71 23 95 43 26 45
18 4
4 56 48 85 26 51 41 89 91 65 33 3 43 64 83 97 31 49
100 4
16 23 77 64 69 63 27 90 91 7 41 22 40 87 87 16 80 39 81 84 43 62 29 38 2 36 67 4 36 53 49 94 29 7 48 66 83 48 6 36 88 17 91 89 14 76 97 46 76 71 6 31 33 21 50 44 50 53 31 61 79 25 9 19 41 62 14 5 42 72 11 67 34 12 53 60 75 84 30 88 1 31 13 86 10 73 6 47 22 27 76 61 90 44 74 18 37 64 15 92
14 4
68 19 47 74 93 85 33 23 77 39 65 77 31 23
19 2
19 2 11 9 78 20 93 50 75 21 38 46 68 5 72 14 67 74 1
21 4
61 13 61 11 90 17 75 88 83 9 23 35 15 26 1 78 35 91 73 5 31
1 2
65
27 4
19 44 69 77 57 53 91 69 73 69 62 23 70 14 41 96 91 17 71 43 56 14 45 60 57 22 7
26 4
95 9 69 83 65 33 9 29 89 53 47 19 45 37 95 69 5 69 69 11 81 49 85 37 33 51
23 4
29 46 93 40 53 27 51 89 17 51 87 5 60 61 55 1 60 40 85 33 69 27 44
19 4
19 46 58 14 88 77 83 83 79 17 19 46 69 1 37 85 42 7 26
100 3
8 17 59 77 77 2 89 77 8 83 28 40 4 86 38 2 20 64 71 80 12 44 60 45 77 14 53 25 47 98 98 38 8 14 21 61 68 68 80 92 89 23 44 8 22 79 14 11 73 68 74 11 41 92 80 94 44 44 58 80 6 95 44 29 65 98 56 49 59 94 65 62 44 95 21 49 47 41 2 38 17 47 58 79 29 53 35 80 59 74 90 2 84 26 84 13 97 86 95 20
1 4
45
17 4
1 93 7 77 39 91 24 75 3 11 67 84 65 25 32 77 44
2 4
47 31
25 4
43 37 1 89 57 43 93 81 91 48 69 3 81 85 41 85 25 69 77 29 61 13 1 87 23
23 4
79 89 79 37 59 50 6 47 2 13 93 51 71 2 7 73 97 49 1 19 86 75 42
1 3
46
1 4
50
15 4
41 97 71 7 9 67 59 63 81 74 7 23 53 37 97
100 4
97 81 77 96 58 79 11 47 55 85 31 49 74 95 13 73 66 89 81 14 11 72 38 33 20 21 65 22 89 27 77 83 93 22 64 90 31 41 53 20 53 45 91 38 67 15 45 85 96 56 26 57 73 9 14 34 34 38 74 61 50 93 9 1 61 17 7 38 75 77 57 69 17 13 86 6 38 32 45 72 29 41 37 61 81 63 69 11 53 89 27 73 22 45 97 66 5 51 33 94
17 4
65 41 51 5 91 25 39 51 29 7 41 30 77 18 63 35 50
10 3
41 47 49 26 58 4 92 92 28 19
100 4
3 95 23 43 66 67 86 30 22 27 31 41 14 34 3 55 59 76 55 73 73 43 61 19 6 30 79 23 44 74 77 23 58 54 84 86 15 55 30 3 58 71 23 83 15 34 33 11 90 91 91 10 55 50 11 25 90 11 44 55 86 67 71 53 35 33 47 39 66 54 3 67 18 11 38 1 36 20 55 94 82 37 83 23 79 90 15 2 53 54 30 19 39 37 23 51 27 71 71 7
100 3
37 89 32 8 76 85 85 40 13 52 62 11 7 62 29 1 39 58 40 92 46 76 76 98 17 43 40 97 22 50 98 16 70 69 15 16 94 58 25 95 85 26 7 43 7 29 46 70 37 64 70 45 8 94 94 98 98 82 70 29 85 56 7 62 76 83 64 68 37 43 82 31 60 46 32 51 73 52 59 94 34 11 74 84 20 40 49 35 61 81 58 98 83 25 97 40 17 37 80 55
100 3
64 84 15 53 49 5 20 86 29 36 84 63 21 39 38 44 14 47 5 62 64 4 28 81 30 44 14 31 47 22 17 53 77 5 20 38 62 5 92 86 35 68 47 17 8 98 14 83 20 56 85 88 83 38 11 90 65 89 80 30 50 74 50 16 38 31 74 26 4 38 53 44 32 98 98 41 25 13 14 65 96 74 81 74 53 73 83 68 8 82 14 62 5 86 26 86 35 22 82 16
19 4
60 51 41 91 89 9 74 87 35 65 29 91 55 19 25 25 29 95 95
100 4
69 41 34 87 63 33 47 77 5 71 97 78 75 81 46 6 90 10 33 9 78 49 3 1 73 46 81 13 27 51 58 1 19 83 93 82 62 95 75 52 58 53 30 50 41 10 46 17 79 39 50 51 46 55 51 69 94 53 19 42 35 63 61 95 49 27 39 39 71 70 61 57 62 63 54 38 23 70 50 5 3 17 85 34 86 10 67 9 27 6 71 83 3 69 50 41 18 94 93 81
20 4
17 35 97 83 5 41 5 33 73 1 93 23 83 41 73 45 53 87 70 57
23 3
14 89 5 88 29 70 32 17 97 61 55 80 31 22 2 82 71 92 26 47 86 23 38
100 4
90 22 11 41 60 74 61 81 37 97 64 57 5 54 46 13 25 66 53 85 30 59 49 87 33 31 81 21 49 58 82 67 33 87 49 85 19 37 54 1 21 25 17 33 12 90 85 81 58 41 54 86 1 21 47 67 65 93 53 21 93 92 10 91 53 27 69 38 25 85 20 85 5 81 14 13 65 93 57 14 17 33 82 5 93 1 72 29 3 41 81 59 41 5 57 55 13 90 39 70
100 3
78 62 52 73 77 13 95 3 77 68 77 51 47 14 88 61 20 32 38 30 89 80 8 71 79 38 5 91 95 29 72 5 17 65 53 29 65 86 60 44 34 68 19 10 51 41 93 49 97 62 35 8 53 71 2 82 44 93 50 53 38 74 17 58 46 41 41 20 53 7 44 55 74 83 41 28 38 92 72 31 94 2 97 22 33 41 46 74 95 73 71 15 57 32 22 77 47 83 20 44
22 4
59 89 51 89 3 32 21 75 67 64 96 21 41 69 21 28 61 84 17 93 31 21
19 4
45 35 29 35 81 33 25 57 39 59 33 5 69 9 39 53 97 21 77
17 3
89 74 83 25 65 28 26 82 24 71 82 97 85 31 11 55 29
23 4
21 15 11 88 19 87 24 65 45 89 28 7 61 73 97 97 75 31 1 93 16 49 86
2 3
1 67
32 4
49 42 82 74 1 5 15 61 41 5 58 57 15 53 47 63 25 61 18 51 1 93 29 33 15 13 77 97 49 33 38 67
13 4
81 29 93 15 52 95 97 91 87 41 61 79 35
100 3
12 61 55 74 40 98 35 19 74 14 11 62 98 92 65 1 94 38 26 26 4 41 4 21 83 46 26 94 88 52 17 17 86 94 26 70 92 11 59 41 77 38 47 14 20 26 50 17 35 34 8 68 58 52 60 16 41 89 30 61 98 74 9 64 53 60 20 92 11 25 65 41 70 43 15 1 38 47 90 59 14 8 23 90 92 55 59 74 56 23 83 14 34 26 29 20 62 45 32 95
