100
4 3
4 5 6 4
4 2
4 5 6 4
3 3
1 1 1
100 3
58 50 96 47 11 10 80 33 28 52 98 46 53 14 8 1 20 27 46 47 37 23 59 16 17 94 53 13 26 83 43 76 2 44 74 11 44 89 44 50 38 94 11 17 97 4 11 92 61 52 8 65 53 68 61 51 54 26 1 89 95 35 60 50 77 77 64 5 2 95 85 98 65 11 29 61 35 2 5 85 35 71 49 56 2 41 22 71 68 68 88 85 79 98 70 95 74 42 88 58
100 3
60 54 74 28 61 51 5 80 20 85 84 87 40 17 32 18 47 62 2 41 17 80 47 57 66 23 15 86 72 85 95 5 92 45 73 8 46 71 84 56 80 21 77 5 53 74 11 62 11 2 82 75 44 77 31 82 23 31 7 71 64 23 50 35 22 62 5 65 89 71 90 20 23 2 38 63 64 94 25 71 38 90 89 51 5 23 31 67 84 68 67 40 34 8 32 8 50 53 39 20
11 3
58 22 16 74 11 8 11 31 1 26 98
100 3
52 61 41 28 69 92 78 83 18 28 44 59 19 4 46 32 61 95 1 3 47 91 43 91 45 73 56 55 1 26 16 79 41 4 77 76 63 5 58 88 91 22 10 7 7 43 19 37 76 62 17 79 16 10 28 82 13 25 47 13 40 86 15 93 40 17 91 16 61 42 12 79 74 79 22 67 91 4 91 33 49 37 18 28 98 3 47 96 43 22 73 70 13 1 80 94 49 23 14 22
100 3
34 37 54 1 97 22 20 89 49 91 79 4 50 94 61 52 31 10 37 4 79 29 90 5 61 67 28 75 82 10 10 12 55 67 34 82 61 7 67 61 56 7 72 67 25 23 70 94 95 51 8 8 8 26 4 92 49 34 91 97 85 98 88 82 31 61 11 22 85 94 50 8 22 19 13 7 96 17 97 59 13 72 77 28 73 88 82 73 3 14 41 26 37 78 56 19 9 28 54 18
100 3
59 78 68 58 95 75 35 5 8 71 88 90 68 86 83 74 53 26 15 23 44 11 89 62 91 50 80 87 68 86 1 36 41 3 14 76 41 21 87 45 19 89 11 70 12 62 93 49 88 60 72 2 28 46 90 92 27 35 86 64 94 83 5 82 44 76 43 4 65 9 50 53 9 46 14 23 46 41 6 11 10 86 86 71 11 35 3 26 43 20 59 79 56 44 56 70 13 83 10 14
100 3
69 13 92 94 97 32 82 33 14 19 94 71 59 41 87 98 26 55 41 29 14 80 17 59 98 17 24 59 51 92 57 35 41 6 62 56 80 29 19 11 17 4 9 83 23 35 65 82 50 49 8 92 77 71 10 45 80 37 95 34 35 26 50 8 26 24 87 74 59 5 83 58 92 13 47 48 86 80 6 17 14 98 5 86 66 50 35 98 95 86 95 38 50 79 74 89 38 8 47 85
100 3
20 90 32 1 77 61 22 66 65 5 66 33 20 19 56 97 30 61 20 34 12 62 14 53 69 49 11 23 85 40 7 32 7 30 69 89 7 94 97 89 89 67 91 15 3 28 27 3 45 27 50 60 4 58 15 13 57 68 36 71 42 98 29 57 93 60 60 37 48 2 33 39 27 75 62 73 58 13 32 79 22 19 74 52 36 86 26 68 16 22 8 29 37 98 16 65 10 36 45 36
100 3
35 61 55 55 73 75 82 55 53 1 40 34 1 4 85 64 76 52 13 55 52 20 25 58 68 64 47 19 49 7 1 7 34 85 78 68 28 7 66 40 37 73 19 64 97 44 37 17 8 22 83 29 67 82 85 53 1 62 82 28 66 78 64 62 98 10 43 36 77 79 28 75 8 11 25 25 70 46 95 71 50 32 22 31 49 64 28 4 64 85 83 22 43 23 16 30 31 86 49 57
100 3
91 47 15 31 73 28 38 31 88 28 22 86 70 14 25 31 64 38 47 22 46 16 16 83 13 5 70 13 62 5 97 29 79 43 34 49 88 33 41 24 22 90 14 49 70 49 19 27 64 64 43 97 35 41 56 49 15 88 11 74 88 42 88 72 82 33 19 50 97 4 76 85 22 6 28 79 31 13 52 88 2 89 98 28 11 64 58 76 85 46 88 82 94 55 66 88 47 44 2 53
2 2
55 85
100 3
61 52 43 65 45 13 67 64 23 72 85 4 19 76 64 25 29 81 40 25 43 18 10 5 49 28 67 91 70 41 82 57 84 44 26 34 24 34 49 52 37 22 63 4 77 25 61 24 57 92 2 55 32 60 97 34 16 19 91 86 25 31 2 62 70 71 21 19 40 22 46 83 44 67 97 10 9 21 2 43 10 55 8 46 11 22 73 49 16 91 10 2 75 82 28 94 49 54 56 97
100 3
7 52 48 52 91 72 52 22 23 49 76 10 68 77 64 1 47 67 34 63 28 82 12 40 40 72 65 79 97 4 35 31 40 46 68 64 37 28 67 42 56 37 17 73 64 4 92 25 78 23 38 16 23 94 37 65 91 41 13 67 29 62 4 28 7 79 67 32 64 80 4 57 52 96 17 80 61 88 9 51 44 91 46 52 82 2 53 84 90 97 90 1 95 79 85 42 85 23 47 34
100 3
40 5 11 91 43 43 9 46 11 19 98 36 40 4 4 22 59 14 98 61 59 38 25 1 1 91 7 37 87 40 30 28 82 82 17 14 79 61 73 47 5 7 1 40 1 20 38 2 94 41 58 49 40 1 77 70 25 22 37 31 49 28 26 7 85 34 85 46 34 13 88 32 1 22 7 25 73 85 8 18 97 7 22 4 27 11 64 92 7 53 98 59 25 83 76 31 31 33 28 45
100 3
73 98 97 25 88 74 4 5 62 89 79 94 46 26 91 28 82 61 5 76 70 4 92 5 79 89 31 75 20 28 16 37 9 94 15 80 43 64 8 73 19 53 85 83 76 46 7 40 56 82 76 57 76 3 22 26 81 84 46 31 28 90 40 65 75 4 78 22 55 19 53 67 10 17 93 89 30 32 41 82 27 82 12 30 1 90 94 24 46 70 1 31 74 13 75 64 40 91 66 63
100 3
2 80 62 98 91 71 56 67 40 2 92 55 38 82 74 18 37 23 65 13 23 54 23 20 58 9 74 59 8 19 65 34 53 11 55 53 5 61 32 41 73 72 41 11 89 26 88 71 39 29 2 87 65 20 29 76 68 82 6 7 40 44 65 79 85 8 64 95 79 90 39 98 88 20 74 77 2 28 64 17 56 84 30 62 91 62 41 29 84 17 80 58 5 14 58 11 44 97 35 45
100 3
49 32 82 93 47 61 79 1 45 62 10 27 25 20 94 58 13 89 52 49 28 80 31 67 80 25 92 82 35 7 59 76 44 20 58 79 54 91 41 55 28 49 67 94 61 36 69 91 68 49 58 22 91 62 94 44 49 43 82 58 97 23 83 1 92 95 67 37 16 8 44 4 98 43 95 64 10 46 70 28 82 58 17 91 55 69 34 61 19 65 76 77 1 20 28 82 16 7 64 63
100 3
41 6 83 32 55 58 87 65 68 56 7 46 67 18 74 28 8 95 33 84 90 32 14 46 83 41 68 32 70 17 88 26 52 68 66 95 2 92 26 95 82 35 17 32 96 47 95 50 32 44 79 23 80 55 92 71 32 65 50 77 10 52 79 34 86 52 14 17 92 95 95 47 95 18 72 31 11 14 35 89 91 65 77 25 32 5 4 1 94 23 33 32 98 1 95 8 98 65 38 10
100 3
70 2 80 5 89 68 74 38 61 67 76 85 26 83 11 53 36 97 45 16 40 35 47 53 86 59 46 41 58 41 8 80 76 95 44 65 86 43 41 94 46 16 1 29 25 17 40 80 30 77 23 47 97 47 80 5 30 11 26 1 64 7 2 4 95 98 92 18 46 47 6 46 35 56 19 77 38 14 50 46 50 78 28 74 98 56 97 53 58 89 79 91 80 83 62 97 59 41 86 22
100 3
41 58 40 61 31 43 46 1 71 58 52 13 3 49 34 97 90 23 43 12 53 85 7 55 4 4 32 88 31 59 95 58 54 10 70 75 88 35 80 28 25 4 22 58 4 86 17 22 79 38 16 7 76 64 43 85 18 10 28 30 8 1 13 79 97 41 25 58 19 65 10 83 89 49 34 92 46 16 92 70 4 32 31 7 55 83 86 62 56 15 25 16 28 7 85 1 19 7 55 71
100 3
39 44 42 74 26 2 77 95 2 28 90 39 23 5 92 95 25 15 47 41 98 77 37 36 59 5 65 46 95 78 28 56 13 35 92 43 17 37 91 62 41 44 40 14 8 83 64 89 14 5 20 31 89 27 97 68 49 73 38 8 61 5 38 23 29 74 19 89 67 62 98 29 50 16 41 95 59 2 49 13 19 13 8 94 59 26 35 71 89 76 12 56 67 86 80 38 23 44 85 28
100 3
38 59 74 55 17 71 90 74 30 78 20 86 77 29 11 12 23 91 2 26 8 11 32 29 52 77 82 94 50 26 98 27 49 60 43 95 22 79 82 95 83 61 18 86 67 28 97 7 47 49 8 60 91 95 5 13 56 46 20 54 66 71 83 14 26 1 74 84 29 67 20 98 97 68 65 65 93 41 17 74 8 58 94 38 14 44 29 50 82 59 11 62 76 16 55 14 30 24 64 85
23 3
11 89 98 2 34 22 14 44 17 28 19 98 55 65 65 52 26 73 41 68 26 7 65
100 3
16 37 73 13 11 16 43 1 49 35 13 77 29 79 73 49 8 4 64 31 54 16 10 7 16 29 67 14 20 4 10 50 38 47 91 13 31 90 72 73 33 58 44 86 67 82 10 55 19 94 71 91 19 74 67 94 65 67 10 74 56 64 67 79 89 29 40 58 13 61 97 37 22 58 94 4 26 91 28 85 70 67 89 88 25 70 14 86 98 31 22 88 61 52 27 40 61 40 31 73
100 3
95 61 61 20 73 79 68 25 44 73 10 73 43 79 47 97 22 53 94 3 25 54 55 85 69 31 56 43 96 44 67 77 59 19 94 51 87 37 79 58 16 43 41 28 5 50 49 9 1 2 88 1 84 62 31 88 31 38 10 31 79 89 58 64 2 19 56 16 78 41 34 13 65 17 86 25 13 34 23 76 79 98 62 61 40 10 6 18 16 30 70 82 37 22 30 52 85 92 8 17
100 3
62 79 85 83 34 4 52 68 29 89 40 61 50 23 51 23 83 97 79 33 61 81 73 58 90 55 34 2 70 58 94 61 30 78 68 67 28 20 80 44 50 86 35 59 77 66 89 32 83 82 28 58 38 63 56 32 17 81 64 2 25 65 20 9 41 80 8 56 1 53 52 10 68 54 74 26 14 62 83 91 36 71 44 35 83 82 46 5 35 42 62 32 41 68 50 11 92 47 17 23
100 3
46 8 2 34 50 53 20 86 30 86 79 32 92 13 21 53 12 65 93 88 5 43 77 74 43 77 7 52 70 22 74 74 19 19 56 56 81 67 4 38 72 4 20 33 80 68 71 92 44 87 62 98 43 14 41 74 68 95 4 50 5 93 32 68 26 38 80 8 20 50 79 58 38 68 88 61 42 59 55 23 21 66 27 17 89 27 98 14 68 11 41 14 14 17 64 59 70 82 74 14
100 3
53 74 5 65 61 22 2 43 80 10 1 43 97 4 43 62 40 50 70 53 46 32 28 82 91 38 85 47 5 58 91 46 7 58 58 35 52 29 40 2 88 1 86 3 22 31 56 52 97 4 58 53 11 17 88 73 91 2 67 80 52 80 13 14 71 43 19 20 3 10 95 2 86 67 40 4 46 65 58 24 58 93 74 3 41 37 35 73 80 31 56 34 77 61 13 31 88 37 49 49
1 3
11
100 3
80 65 70 77 49 11 95 83 36 8 62 78 20 4 73 80 31 92 71 41 9 34 20 55 64 98 28 62 20 53 56 55 74 72 52 40 57 61 98 77 50 65 81 13 43 5 1 92 68 16 76 47 44 86 79 65 5 86 67 71 50 98 24 87 17 68 6 55 98 59 29 8 53 95 29 23 50 71 41 68 56 42 25 2 65 83 55 11 75 95 35 50 57 21 91 73 35 4 53 31
100 3
53 93 8 88 98 80 17 4 56 35 41 85 7 61 79 5 23 76 19 41 60 10 46 51 28 31 97 7 20 56 82 40 97 88 60 8 31 89 98 85 7 56 85 98 94 61 22 64 35 52 41 88 59 8 49 27 7 90 31 36 58 61 34 31 47 71 14 38 32 76 73 79 82 61 70 22 76 40 65 94 34 35 81 29 86 67 58 7 62 95 22 37 16 79 5 91 64 88 58 60
100 3
4 12 24 48 64 83 67 1 21 25 49 20 82 22 73 32 43 52 34 25 52 74 55 40 52 40 40 34 14 62 14 76 85 13 60 14 61 61 52 1 45 53 12 39 44 74 85 70 37 31 36 73 58 46 94 25 7 62 1 82 82 44 88 76 17 25 16 41 97 52 26 67 82 7 22 25 13 69 9 47 56 49 91 82 50 75 49 10 73 66 89 43 77 1 67 92 59 7 45 67
100 3
47 4 89 5 74 38 76 43 77 77 62 76 2 95 68 87 35 50 44 74 23 31 25 59 6 19 65 45 70 32 44 37 40 11 89 94 95 7 53 11 52 8 98 53 43 69 2 56 56 50 53 47 11 41 53 35 89 6 79 26 50 77 41 18 38 50 77 20 38 89 26 26 2 50 5 54 4 31 92 93 9 13 40 62 68 13 44 29 59 42 56 80 63 28 56 71 62 91 70 31
100 3
48 44 13 98 19 49 34 21 46 84 82 94 18 7 31 88 46 77 88 43 26 26 31 29 79 61 13 40 91 98 79 31 71 38 85 55 95 13 89 38 94 64 31 72 37 11 25 91 73 50 31 94 34 61 58 34 86 91 22 5 37 49 88 1 11 89 70 95 7 53 71 56 89 77 28 58 37 34 3 55 76 94 65 97 32 16 94 97 52 19 74 1 30 80 61 11 47 80 55 27
100 3
98 97 2 11 22 11 50 98 1 33 31 91 49 13 38 2 23 29 40 14 49 2 17 38 25 53 34 2 80 32 25 2 53 25 20 22 57 25 49 74 24 85 76 88 21 8 49 58 49 76 55 85 95 8 35 44 44 27 10 47 13 89 74 97 44 5 10 45 38 28 26 86 25 8 26 94 88 72 2 75 71 68 97 76 83 71 83 56 10 83 58 45 2 29 63 1 70 1 65 2
100 3
38 62 14 74 30 41 68 41 44 98 91 4 85 32 10 11 33 29 10 98 65 49 5 17 50 1 98 28 53 11 64 71 55 55 58 14 58 80 13 13 17 40 53 17 10 54 2 44 59 58 21 32 91 27 49 97 85 94 64 72 56 4 51 79 92 26 55 14 53 40 71 8 41 11 86 71 29 8 5 13 42 36 62 8 11 88 9 80 37 45 56 42 50 23 47 59 81 85 74 22
100 3
55 76 83 13 85 76 56 92 61 97 98 71 22 94 21 49 68 13 76 17 36 70 85 22 40 58 50 56 60 28 25 64 4 40 52 37 71 10 88 64 82 40 74 73 3 29 20 11 16 24 11 15 55 14 22 84 29 25 62 41 79 4 64 13 85 55 17 4 73 97 49 19 17 91 43 19 73 67 73 31 44 83 98 11 1 8 86 40 22 28 43 5 79 52 85 3 66 67 49 52
18 3
64 90 55 91 19 77 69 47 34 83 92 49 11 37 47 32 68 85
100 3
70 73 98 67 65 24 38 1 67 5 23 80 38 85 46 92 80 88 71 40 23 61 97 41 46 91 64 19 31 70 7 15 2 82 49 38 55 29 4 1 67 2 58 67 65 10 82 54 33 29 47 40 68 55 59 41 32 41 19 34 95 37 10 38 88 25 67 16 7 43 89 94 52 26 70 55 88 81 94 40 90 67 71 33 86 26 64 6 91 1 31 91 34 91 13 7 58 1 92 43
22 3
5 54 46 7 84 78 10 20 34 32 1 37 56 64 96 32 3 26 46 11 8 53
17 2
42 73 43 28 64 66 35 22 92 76 68 36 11 66 48 29 95
21 3
1 40 56 41 97 41 49 31 85 62 94 34 53 55 13 76 79 80 82 31 55
100 3
71 83 49 65 45 86 70 20 47 34 68 74 98 13 54 88 35 74 73 39 46 93 79 26 59 49 8 29 74 26 29 94 95 57 50 97 85 74 68 43 89 32 73 40 53 98 50 65 83 5 4 80 78 92 56 56 10 68 46 70 20 79 9 17 50 4 77 50 80 41 11 67 2 18 29 6 94 71 35 52 47 13 41 82 77 29 71 35 68 57 95 58 43 23 47 38 95 1 26 35
2 3
56 77
100 3
46 98 40 11 83 41 22 70 93 66 80 80 94 20 98 77 88 59 37 70 17 38 97 10 53 63 70 80 55 64 62 2 98 41 53 17 20 31 81 86 26 80 68 61 20 86 62 17 19 74 89 51 74 8 47 92 77 52 22 22 4 27 52 89 71 52 8 32 18 80 77 61 54 32 14 52 42 8 71 59 77 28 58 51 62 23 51 8 5 25 32 47 67 59 53 23 88 89 22 44
100 3
93 47 70 1 23 11 26 96 61 61 68 62 85 14 83 29 29 65 44 98 34 62 35 26 97 40 47 92 62 2 83 7 77 95 86 19 6 41 62 35 86 65 20 77 55 47 2 83 23 7 62 75 14 23 53 31 95 59 25 47 14 41 11 69 94 65 57 22 41 85 36 95 51 75 11 60 91 68 94 8 20 84 8 92 71 2 20 25 19 68 40 69 77 52 41 25 13 32 4 79
100 3
92 41 79 4 38 98 76 31 95 10 57 56 61 4 68 41 71 76 38 55 79 52 76 43 20 44 7 92 28 68 83 77 59 11 35 22 95 90 7 10 89 86 32 38 98 47 38 44 82 77 68 76 33 98 81 67 1 83 37 13 98 17 79 34 83 55 89 53 69 44 53 49 62 77 59 63 35 53 14 21 74 81 26 85 46 29 71 71 88 93 75 23 26 2 56 80 31 65 79 26
100 3
2 76 65 38 71 11 14 59 41 29 47 38 13 98 5 64 29 36 29 77 74 44 86 23 92 83 6 95 2 40 20 53 62 62 23 71 19 68 77 47 49 74 8 2 75 88 73 70 82 53 94 14 89 52 65 76 44 35 1 95 55 52 31 82 92 14 53 52 50 37 83 13 98 21 57 53 11 55 14 56 11 53 30 19 89 85 74 93 35 89 2 34 70 32 40 47 56 65 52 5
3 3
53 2 41
1 3
25
100 3
74 80 91 41 44 14 17 80 17 80 45 50 87 18 92 29 74 20 83 62 95 12 82 11 5 71 32 17 53 92 85 77 17 85 20 34 65 85 51 20 92 75 3 67 86 28 98 86 20 14 56 41 77 84 25 95 76 1 22 38 81 25 49 5 49 17 78 8 25 86 19 3 14 43 92 41 59 31 68 35 95 56 22 12 88 41 65 76 9 97 5 11 5 26 52 58 20 22 84 87
1 2
52
100 3
58 65 31 32 55 25 7 49 69 36 37 44 10 54 1 67 73 28 94 28 70 74 91 28 44 19 66 67 80 56 39 62 46 14 25 1 34 31 56 10 88 52 90 86 34 17 10 34 66 58 25 70 97 34 49 14 8 30 43 36 1 13 94 43 49 1 56 46 46 4 1 88 13 44 1 17 86 97 82 92 79 62 19 14 18 10 73 37 46 62 38 74 85 25 55 82 64 51 2 76
100 3
40 37 73 71 46 12 54 58 92 37 83 22 10 1 48 94 19 90 41 40 94 25 2 46 3 93 74 34 22 49 91 85 55 72 22 40 57 4 7 13 88 39 89 71 73 25 65 88 16 61 16 38 29 67 73 22 80 76 1 72 7 85 29 85 35 7 94 22 64 44 94 97 40 55 7 80 1 22 61 94 65 5 56 67 47 55 40 5 53 53 38 76 80 58 88 8 25 51 28 6
100 3
97 72 36 26 1 97 19 17 28 71 79 9 64 20 96 28 44 63 82 58 29 61 25 61 82 43 49 79 74 37 56 31 22 98 98 76 17 18 61 49 37 55 58 46 50 11 40 25 63 29 55 34 34 58 17 31 46 95 19 32 16 83 82 67 82 66 28 58 2 42 55 35 98 14 97 19 40 35 97 52 22 76 71 64 93 55 44 29 22 76 61 83 77 14 49 85 49 46 85 46
100 3
23 98 11 26 91 77 92 28 95 92 59 62 52 1 11 80 14 62 32 49 94 11 26 35 73 7 4 8 8 58 10 52 28 34 46 25 29 98 59 47 4 76 61 16 52 10 1 38 34 22 52 61 35 7 65 41 85 64 41 32 17 31 56 91 29 13 38 26 1 94 35 98 83 1 23 31 62 25 10 79 95 37 52 80 65 70 4 92 74 20 35 23 64 53 7 65 34 10 43 46
2 3
91 34
100 3
12 23 13 23 28 61 79 23 16 52 21 67 41 22 43 47 43 45 77 43 28 94 64 19 23 70 88 37 74 13 18 20 36 3 40 70 23 19 67 72 16 37 37 31 59 67 20 61 61 59 52 55 79 61 20 14 89 31 72 74 59 32 77 86 90 65 16 64 55 73 46 37 17 66 82 91 94 92 28 89 71 91 43 88 64 74 60 14 52 52 23 61 61 31 44 20 27 43 58 58
100 3
49 30 19 19 86 30 59 77 23 74 26 74 61 59 92 63 35 4 30 68 74 41 92 38 58 22 45 9 40 20 87 38 2 4 44 77 71 82 17 77 5 16 23 3 8 71 53 50 59 73 52 29 98 40 59 83 52 62 16 82 75 61 26 59 38 82 43 38 32 25 30 31 37 50 46 92 84 68 32 44 71 10 38 68 26 26 19 55 83 76 89 65 43 47 14 71 53 17 80 38
23 3
3 55 35 7 73 84 53 86 95 2 91 95 36 58 25 62 35 46 59 74 50 37 78
100 3
86 79 83 67 26 1 82 10 34 8 13 73 34 73 59 41 37 55 64 17 86 71 92 62 75 23 86 1 82 53 23 85 59 98 25 92 45 28 7 67 37 22 31 13 34 97 16 82 10 19 25 58 88 88 5 4 25 77 54 41 53 61 74 66 24 34 55 1 67 70 93 95 86 1 41 25 80 61 31 13 70 91 91 2 53 38 17 32 61 1 85 3 52 31 74 77 56 46 82 9
100 3
61 37 8 62 19 88 50 31 8 17 34 10 56 22 60 57 98 68 60 71 88 73 4 78 61 78 76 54 25 68 52 1 25 43 23 91 97 19 67 41 31 43 18 34 66 37 64 45 70 10 77 88 61 14 25 40 56 78 66 14 73 24 12 38 36 75 14 1 58 2 61 97 50 82 91 31 23 67 20 92 43 73 83 22 25 92 40 47 60 91 25 91 61 61 50 85 32 52 41 16
100 3
64 11 49 94 17 67 31 9 96 1 98 31 61 46 25 68 88 53 91 67 86 22 19 83 97 70 18 52 71 67 34 26 46 49 98 79 82 19 53 26 34 31 5 94 19 46 81 43 16 74 43 46 25 78 32 92 97 31 29 31 72 92 79 2 49 61 88 67 60 94 65 7 78 82 34 53 19 84 49 76 20 25 31 96 39 73 42 70 89 19 67 83 55 7 58 89 50 2 90 13
20 3
92 46 5 15 5 85 67 8 46 16 6 17 9 37 85 54 68 49 64 34
100 3
86 58 91 14 98 92 11 14 32 76 35 64 73 31 44 59 71 94 62 48 47 58 44 56 70 35 10 17 16 98 56 80 44 25 39 50 44 95 2 56 77 5 65 53 32 62 63 29 47 91 28 55 41 68 40 92 19 98 71 28 80 41 79 47 74 91 80 31 92 29 28 44 34 20 23 14 17 74 38 19 8 53 83 8 59 64 3 77 83 95 91 68 38 56 68 60 81 61 50 38
17 2
56 32 57 28 47 66 66 54 21 87 93 69 32 42 91 54 28
100 3
18 58 68 88 14 35 74 80 65 59 44 62 73 3 94 22 47 25 38 67 76 41 4 80 38 65 83 40 14 89 62 79 22 39 50 23 86 56 41 5 38 47 89 30 14 86 37 88 50 8 22 87 85 94 91 29 59 38 5 14 7 91 44 35 10 74 84 45 68 98 67 41 3 32 26 76 59 65 77 56 62 7 23 37 73 50 86 85 86 39 51 45 5 52 59 49 49 26 38 37
100 3
49 92 88 46 56 57 76 37 88 86 46 59 10 41 82 74 7 38 82 34 47 74 58 25 44 91 77 61 46 31 11 37 7 82 48 40 13 40 55 57 66 31 20 83 35 86 59 80 64 55 61 23 46 83 31 91 14 17 38 56 88 10 34 98 46 61 94 89 70 8 11 43 79 60 89 77 97 43 33 31 79 97 97 50 21 61 46 1 80 11 10 55 50 31 50 51 38 70 28 30
100 3
73 86 47 79 65 95 94 65 44 17 47 4 40 17 41 13 59 69 67 61 2 44 23 40 16 68 29 23 25 28 41 2 56 16 9 2 50 5 98 47 74 54 92 3 37 92 65 32 65 74 29 17 14 9 7 49 46 46 77 41 23 11 71 51 2 16 7 10 5 88 82 62 11 29 26 47 71 64 10 74 65 61 82 76 38 98 68 53 65 67 56 89 56 35 49 72 26 29 37 35
100 3
25 76 20 52 20 27 98 77 67 59 45 62 31 59 18 71 97 92 6 44 7 40 32 88 71 53 65 41 63 68 20 89 92 41 98 50 32 32 7 29 95 17 92 80 84 56 89 35 62 89 23 48 35 7 13 58 63 89 15 92 20 84 6 81 44 40 50 26 35 62 43 20 71 34 95 77 74 58 48 25 48 73 34 4 59 61 11 27 10 4 7 74 53 47 79 50 26 46 23 50
100 3
4 89 35 36 50 74 76 17 97 8 1 65 38 19 87 5 95 94 86 14 85 29 10 41 79 74 3 56 55 59 88 91 75 44 62 65 25 95 23 50 37 71 83 65 65 38 2 70 2 35 10 76 57 89 77 84 8 56 20 41 92 59 85 89 43 20 26 70 79 47 56 41 17 29 59 61 75 11 97 41 14 16 62 7 71 62 5 55 70 76 53 41 38 67 6 41 71 52 4 24
100 3
28 19 94 8 74 1 31 22 49 29 31 62 56 64 1 30 95 35 17 11 43 30 10 47 7 73 35 97 43 81 13 94 16 98 40 28 55 7 94 98 85 59 26 38 52 85 21 73 4 5 52 35 70 57 53 45 31 13 4 88 50 52 45 31 4 97 79 25 50 27 80 49 67 19 95 65 46 91 79 26 34 20 52 73 70 88 64 24 42 43 13 28 34 52 23 77 89 26 39 55
100 3
77 26 22 38 26 96 38 58 95 88 29 30 37 89 95 30 67 44 14 41 62 74 5 96 56 77 89 56 5 59 68 49 31 68 42 92 65 47 24 74 59 67 42 65 95 2 49 89 15 14 82 32 34 16 77 32 68 64 61 22 14 83 55 80 26 38 59 4 40 8 41 32 23 16 88 17 73 41 58 14 8 38 27 92 83 73 83 65 11 73 95 13 95 50 93 66 23 14 20 71
100 3
9 48 85 41 4 47 25 7 28 61 76 19 1 98 13 43 43 28 52 85 17 91 68 76 64 94 31 38 22 62 77 2 78 80 82 16 43 2 73 1 91 43 76 31 97 55 10 28 18 89 67 49 76 44 70 11 13 31 28 14 39 62 43 38 91 77 23 80 16 46 29 19 16 1 7 2 19 56 90 27 10 85 64 9 67 6 23 23 37 4 81 54 32 31 1 34 41 59 82 82
100 3
58 26 23 95 71 98 26 8 98 29 31 35 8 61 14 94 5 73 7 86 20 5 86 22 29 94 2 65 35 86 83 80 79 44 1 17 53 74 98 54 15 24 26 53 27 62 55 58 49 78 68 6 18 53 83 40 31 12 20 44 23 92 65 80 41 38 1 92 2 20 84 11 80 30 65 45 48 98 17 71 20 83 23 1 37 32 86 73 41 17 23 20 14 94 43 92 80 43 57 41
21 3
7 13 35 82 43 29 8 20 94 79 89 32 94 49 69 7 67 43 13 14 82
100 2
42 11 75 73 35 92 51 14 58 34 52 63 37 83 86 73 37 32 8 19 31 33 44 91 77 82 59 15 6 70 64 96 6 36 53 83 68 24 56 71 79 78 87 82 5 39 6 39 13 68 46 78 74 31 23 77 42 83 89 41 7 8 41 16 60 14 36 29 45 88 67 74 33 18 95 81 81 72 38 72 31 76 22 74 89 52 47 34 57 74 65 54 67 34 31 80 37 14 37 22
100 3
69 2 29 55 85 94 46 48 81 31 22 14 78 11 38 52 11 70 11 15 68 52 57 13 19 31 38 31 18 94 95 10 65 61 74 86 61 56 74 71 40 52 46 20 44 36 53 14 71 91 34 13 4 91 67 88 56 43 85 13 70 73 53 4 68 7 77 37 16 85 65 69 43 12 56 35 43 91 98 43 1 85 28 85 22 46 4 91 62 94 16 88 94 41 12 79 73 46 1 10
100 3
83 30 79 61 19 82 61 79 13 50 23 7 82 94 4 1 17 7 77 76 79 79 59 11 79 31 71 1 57 94 43 80 59 98 42 95 75 22 42 41 53 23 69 21 34 4 67 19 30 66 34 28 82 58 88 16 95 4 39 88 4 13 8 74 85 76 19 53 20 16 62 54 81 62 76 93 59 82 70 53 73 46 51 16 46 28 2 59 1 52 43 1 58 41 6 12 37 80 46 64
12 3
38 43 53 5 65 85 40 78 94 70 94 29
1 2
25
100 3
49 94 23 11 62 68 64 47 71 95 5 77 64 38 43 35 71 54 95 77 74 95 80 73 2 23 89 74 35 55 38 58 4 19 86 38 41 14 22 80 56 94 87 8 68 85 83 78 28 65 38 50 18 8 76 1 38 57 20 8 47 32 14 92 34 13 68 17 14 32 58 2 3 20 56 41 5 86 52 77 27 10 76 98 34 4 16 37 40 95 70 42 25 14 41 50 79 29 10 14
100 3
85 10 80 85 52 21 53 50 12 92 41 44 33 62 84 67 89 68 74 2 86 8 56 41 41 92 80 68 76 20 40 86 1 86 44 95 8 86 74 86 79 31 26 46 8 9 62 24 44 29 90 58 14 49 21 20 98 80 68 22 47 65 92 2 30 13 97 14 56 75 73 61 18 71 16 20 98 86 72 77 62 68 26 71 11 97 60 86 77 5 92 11 97 92 68 77 41 65 65 65
100 3
82 95 91 35 10 68 46 43 7 77 35 94 17 31 62 20 83 79 55 5 10 98 56 71 67 20 55 59 98 62 43 88 35 56 74 88 7 91 31 32 49 82 46 31 77 49 16 10 8 88 68 31 73 85 52 16 83 62 47 47 8 35 43 56 58 73 29 64 5 31 19 65 38 43 8 7 82 38 65 59 32 58 40 47 91 77 16 40 58 16 5 97 92 49 28 94 49 76 7 80
100 3
71 95 95 13 66 65 59 16 25 94 47 68 58 56 29 26 31 92 38 78 37 33 34 91 61 26 88 29 14 82 7 11 71 54 71 68 11 89 22 53 65 5 92 90 88 87 59 41 89 20 82 42 10 47 12 32 23 2 22 28 47 76 57 35 32 20 26 47 56 71 97 96 28 50 68 50 9 22 23 80 95 76 75 74 89 17 77 29 77 65 65 53 74 68 98 74 35 71 47 59
100 3
92 7 47 11 18 85 10 2 70 88 50 41 28 85 77 55 26 4 32 91 10 71 5 32 32 57 32 32 11 92 92 80 42 8 4 10 49 38 44 79 72 44 80 77 86 52 73 40 90 86 92 60 56 59 13 41 77 10 20 83 71 11 76 16 17 53 91 89 95 98 1 46 71 43 71 67 85 68 77 98 36 80 80 62 65 39 83 44 44 73 80 17 68 8 95 8 25 71 77 2
100 3
52 38 86 53 17 80 68 73 92 55 68 70 65 8 22 59 15 88 29 8 17 25 47 49 29 47 82 59 47 19 18 71 94 79 80 50 73 56 40 22 37 70 9 49 76 24 55 30 16 89 70 14 83 55 8 17 68 21 72 62 10 42 67 39 9 73 68 82 31 98 43 80 60 52 95 67 14 5 64 94 95 19 76 15 28 12 78 32 88 55 22 14 55 71 2 59 53 20 11 80
15 3
5 88 25 82 11 82 44 47 50 62 11 33 44 46 92
100 3
88 88 65 49 58 14 48 96 98 57 44 16 19 97 76 73 19 22 22 38 97 76 95 58 58 54 4 95 52 44 46 91 20 79 94 79 26 79 72 88 57 59 59 67 79 84 37 61 43 28 32 75 58 31 7 94 5 26 77 88 92 46 34 17 77 35 10 79 51 31 22 38 37 65 62 82 88 46 44 11 4 29 82 89 43 40 93 22 74 93 10 76 61 85 58 13 48 70 20 50
100 3
58 17 86 5 5 22 76 1 14 88 83 43 41 44 17 74 53 95 65 83 78 38 58 52 26 16 14 44 50 49 92 20 17 17 26 20 16 89 62 83 5 8 43 97 60 77 14 55 23 2 89 44 23 38 26 46 45 46 67 71 90 20 97 47 95 1 80 32 55 89 86 2 5 64 17 34 66 80 42 25 44 15 68 8 50 80 86 65 4 92 89 23 8 71 95 67 38 2 53 62
11 3
73 7 8 20 46 25 79 17 98 39 32
12 3
50 92 26 16 59 52 10 92 40 91 83 58
100 3
87 14 6 56 55 39 73 56 1 94 40 2 28 29 90 53 91 83 18 8 2 25 62 51 38 13 39 53 95 71 16 82 71 41 44 95 44 11 60 35 88 40 37 8 17 92 98 68 1 62 30 40 77 68 52 78 85 77 1 98 60 86 59 59 17 35 82 17 88 74 11 85 41 98 73 95 4 50 83 80 31 76 71 29 25 17 23 92 68 29 65 98 7 58 56 19 92 44 42 82
1 3
75
100 3
89 83 23 2 2 55 58 59 19 55 81 86 49 38 56 35 34 7 30 46 50 77 92 37 32 56 4 64 55 49 30 89 31 4 19 8 53 26 11 64 89 98 91 91 38 10 98 62 56 94 28 50 41 5 41 2 35 10 34 89 50 75 74 59 96 83 90 68 37 11 53 38 62 54 86 68 40 73 31 25 94 46 53 44 56 92 94 98 28 97 20 17 52 37 23 19 55 29 1 63
100 3
22 95 1 68 12 5 83 3 68 63 1 55 50 56 22 61 83 80 51 78 44 35 30 92 89 44 65 68 80 95 65 96 36 44 11 41 76 95 35 43 68 44 48 58 41 35 92 8 70 5 59 36 5 71 11 95 68 85 92 65 64 49 56 97 79 26 83 7 2 35 59 36 4 23 20 14 67 74 84 83 7 2 38 9 56 56 83 46 68 92 5 8 71 32 75 69 25 82 19 2
100 3
57 14 47 71 45 95 44 1 17 35 73 53 23 2 47 79 2 79 89 71 82 79 77 56 35 89 91 40 29 26 35 71 65 30 89 80 82 44 35 28 83 2 20 89 80 23 65 32 61 58 31 17 62 54 2 19 71 23 78 24 14 32 35 43 7 2 68 63 51 5 41 43 68 32 19 95 55 38 22 17 77 48 71 11 17 17 23 50 14 62 68 74 77 41 95 97 32 5 22 94
