100
2 1
500 300
900
660
2 1
500 300
1500
809
2 2
50 100
450 449
1100 1101
2 1
500 300
300
500
1 8
10
11 13 17 11 16 14 12 18
1 7
2
4 12 10 18 8 14 8
2 8
6 5
4696 4812 4824 4734 5201 4374 4759 4867
3777 4010 4297 4455 3936 3616 4038 4020
1 5
3
27 9 9 9 3
2 8
3 4
1107 1174 1243 1239 1206 1166 1275 1111
1603 1565 1586 1644 1618 1804 1559 1608
1 4
1
192 300 383 106
1 3
5
14 45 35
2 3
2 4
2204 2400 2640
4320 4484 4800
2 8
190815 194378
634091 378828 842934 370327 789190 874453 412306 870585
972818 769592 922107 202926 981154 796369 822932 921280
2 3
3 8
7200 6767 6587
20327 19082 19200
2 7
2 8
1186 1400 808 900 400 601 190
4400 2374 3254 744 1600 5600 4512
1 6
10
927 2000 5467 4124 3009 5500
2 8
3 3
11 25 18 11 33 6 9 9
9 12 24 18 6 27 9 11
2 8
372214 200984
606747 900919 772803 955512 207566 502926 539385 994903
911195 737982 919457 909009 935294 135790 807321 668972
2 8
8 6
6160 5040 5172 5324 5590 5600 6110 6086
4177 4260 3904 3780 4620 4480 4200 4018
1 1
4
437
1 6
3
6255 6161 5400 5774 6000 6385
2 6
35540 587958
983111 985049 923121 722136 943957 958771
894879 693688 992873 889565 865517 781232
2 8
6 6
9520 13901 3317 2169 6480 9600 2400 11761
2400 9967 9600 2184 3340 14002 7920 10824
1 1
177371
486376
2 8
503189 11364
906664 573479 982428 473521 734927 731667 692667 608754
954726 339662 831360 252862 882362 953557 966769 255332
2 8
209828 407476
776630 890083 225600 895865 823564 818414 943118 533764
957287 907826 783973 895831 705134 576393 821985 895942
2 8
4 2
1466 3988 1941 5400 1200 1600 401 5631
600 3300 2053 781 904 3019 800 215
1 5
6
1130 1200 1307 1320 1277
2 3
5 2
2000 1800 2124
800 880 750
2 1
100265 13094
977742
984522
1 8
195138
555598 918181 349067 897133 186352 765843 455105 915717
2 5
8 2
2384 2635 2640 2660 2277
540 596 614 547 583
2 8
5 10
1500 4000 3073 3178 1822 544 2250 1083
1073 2153 6380 3893 8000 6139 3000 5500
1 2
10
10800 12108
1 8
5
1015 934 959 900 1098 935 1042 975
1 7
4
1810 2400 400 1296 720 1505 3080
2 8
10 1
31 20 90 59 63 48 74 70
6 7 7 3 2 6 11 5
2 6
4 9
5200 5720 5611 5155 5276 4951
12805 11735 10884 11700 10768 10530
1 7
7
4357 3071 3175 4900 1400 2310 674
2 8
1 10
660 768 1300 540 914 1613 1076 398
16662 9984 3740 8583 6600 5400 10229 13000
2 8
10 4
4000 3300 2048 7439 5336 7200 5560 998
385 2155 1600 853 2223 3520 2889 1080
2 5
7 7
8810 8205 9036 3780 3500
3500 4620 8662 9217 9094
2 8
3 7
4729 2897 4689 3300 5280 2718 5100 5943
11900 9797 6586 7471 7700 13936 11010 10080
2 6
1 6
2367 2750 2500 2250 2732 2473
16500 14984 13795 13500 15000 15439
1 6
1
1 1 1 1 9 1
1 8
10
10000 25028 17600 1068 8800 1082 20356 2910
1 2
149251
895356 822268
2 3
2 1
3300 2799 3107
1350 1350 1417
2 6
7 4
9135 9418 8893 8190 8380 9128
5720 5655 5216 5220 4852 4836
2 8
9 10
12600 12365 12198 11340 12600 12218 12664 11340
15400 14000 15060 13921 13192 15400 15211 14000
2 8
4 7
4 4 4 4 4 36 36 4
7 7 7 7 7 77 77 7
1 5
235412
877680 675724 890597 821398 999864
2 6
10 2
25000 1000 12814 16927 17600 4940
2884 924 2880 2584 200 5000
1 6
7
38 63 21 77 21 45
1 1
1
1905
2 3
2 6
220 1976 2935
9622 540 5754
2 5
9 5
4500 3704 871 1878 2970
2091 1032 467 2500 1350
2 6
10 6
110 10 10 10 11 9
54 6 6 6 6 6
1 2
4
2195 2640
2 1
187800 12254
351344
284498
2 2
7 7
10857 10450
8883 10622
1 4
1
1 1 1 11
2 4
627998 37612
480218 897445 886042 768793
919630 925167 411621 394435
1 6
6
2379 660 3960 1200 3090 1832
1 5
7
10780 9628 9322 10423 9800
1 8
7
4344 4010 4166 4620 3955 4403 4620 4200
2 2
8 4
72 16
8 44
2 8
2 6
6 22 11 15 16 8 14 2
39 19 6 24 54 45 49 30
1 5
5
55 9 25 26 30
2 2
6 9
66 6
81 9
2 8
5 5
9493 9010 8634 8879 8985 9955 9955 9722
8282 9358 9010 9517 8145 8145 8674 8985
1 5
5
971 2566 541 2000 1650
1 2
4
8 15
1 7
396191
601261 912031 881995 574096 886424 969189 304194
1 3
10
5000 13500 19864
1 6
43697
575112 559006 709122 632299 576206 979854
2 1
10 3
61
18
1 8
511795
750913 919050 977257 496516 972051 420697 947839 724328
1 3
3
6 11 27
1 6
1
616 1900 1100 1288 1423 1100
1 8
10
5 3 6 7 2 1 8 4
1 1
4
400
2 8
6 9
12155 12120 13835 13860 11668 12582 13169 12624
17010 18873 17881 16984 19791 18303 17328 18936
2 2
4 4
5603 6111
5895 6031
1 5
4
2787 9532 8810 6400 3520
1 7
4
1464 10560 8000 1096 7934 4046 2443
1 1
6
638
1 3
2
22 2 2
2 8
7 2
7 7 63 7 7 7 7 77
2 22 18 2 2 2 2 2
2 4
9 9
7290 18049 8061 19888
17491 8910 8053 21135
2 6
7 2
637 3002 2100 3150 4023 1498
188 848 1098 600 428 1100
1 3
1000000
899999 900000 900001
2 6
9 6
5265 11700 8910 22320 2789 12002
1843 3775 15114 7800 7712 7260
1 7
7
47 49 7 30 20 77 36
1 7
11525
953711 837193 433322 578833 835913 584724 394836
2 4
5 4
2047 1881 2181 1800
1522 1760 1644 1626
2 2
7 3
2520 3076
1320 1097
2 8
4 9
6202 6000 5436 5406 6329 6039 5770 6094
12882 13689 14949 13459 13500 14330 13838 14252
1 1
7
9913
2 8
1 1
1000000 999999 999998 999997 999996 999995 999994 999993
999992 999991 999990 999989 999988 999987 999986 999985
